1264
1383927285 61.7948458 34.3450253
1469154420 61.7888725 34.3525172
392979711 61.7987997 34.341963
1469154394 61.7781771 34.3671697
1371537193 61.8167911 34.3125861
1418907318 61.8101157 34.3287999
1744195363 61.7947218 34.3658737
1418907320 61.8101859 34.3289024
536808544 61.8005061 34.3577244
3061481237 61.8087 34.3348632
536808405 61.8084644 34.335543
536808407 61.8066831 34.3406249
607989831 61.7665342 34.3583144
536808415 61.805218 34.3447557
1418901185 61.8039369 34.3484042
1418921325 61.8037485 34.3489219
418089432 61.7893669 34.3412597
1735983125 61.8036133 34.3492927
392986144 61.756 34.452949
536808416 61.8035672 34.3494228
392983394 61.7653357 34.3761015
536808418 61.8017255 34.3546136
536808545 61.8007552 34.3580534
1737496222 61.8006571 34.3584907
392979642 61.8005007 34.359145
430569539 61.8003103 34.3596249
2655422693 61.7810564 34.3159617
1418901156 61.7998969 34.3438811
392987197 61.7794261 34.3542389
2401366737 61.7792766 34.3543965
1701227820 61.7615748 34.4287793
1921512354 61.7743684 34.3578368
2545753139 61.766203 34.3219914
392981712 61.7727766 34.3598342
1226707682 61.7755755 34.4062743
1549420886 61.7697482 34.3184649
610276851 61.7721708 34.3598268
2655422691 61.7819828 34.3188771
1468607742 61.8163717 34.3118513
2351183081 61.7685714 34.3583195
607989837 61.7665761 34.3586992
607989829 61.7659734 34.3589576
606605768 61.7634516 34.3588295
392983829 61.7582335 34.4362799
392983464 61.763116 34.359939
1407050709 61.7630971 34.3600231
2329626160 61.762866 34.3610503
4274293396 61.7747459 34.312227
392979668 61.8011791 34.3564091
392983481 61.7653695 34.3591237
536808404 61.808388 34.3354168
392981693 61.77803 34.367149
607411220 61.7625891 34.362281
607973557 61.7668348 34.3880889
1468607702 61.8132388 34.3174611
1293786812 61.8092281 34.2973698
1468607727 61.8071809 34.3397407
1829688609 61.7878735 34.383663
1468607729 61.7970316 34.3633173
2545753151 61.7659994 34.3213149
1291918127 61.7969845 34.3396632
1407050732 61.7645846 34.3590033
595635916 61.7741303 34.3583322
531494974 61.7632695 34.3595568
536798288 61.8095549 34.3323968
1468343462 61.7866449 34.3517049
1163035476 61.7625314 34.3644587
2314320079 61.7639341 34.3715982
606944809 61.766378 34.388057
420881615 61.7730199 34.3141109
609503136 61.7656503 34.3814091
3160668220 61.7779085 34.3730127
1468607746 61.7656831 34.3861321
1468607701 61.7671452 34.3877334
1468607728 61.7679226 34.3878817
1468607694 61.8163123 34.3118609
607973561 61.7677955 34.3887296
3135041877 61.7823352 34.3501028
392987242 61.7792645 34.3986343
2323095201 61.76559 34.3861415
606694451 61.7656003 34.385333
392978362 61.813379 34.317087
1701227802 61.7608422 34.4269991
609480294 61.7656083 34.3847043
392984709 61.7619565 34.3039954
1766695217 61.7883247 34.3529744
536798198 61.8002051 34.3590021
3271059236 61.7656479 34.3815971
606694446 61.765684 34.3787621
1147269722 61.7622685 34.3630924
536573246 61.7884852 34.3411847
392978987 61.8077159 34.2912467
392983436 61.7638355 34.3712829
2317998841 61.7853671 34.3460286
2506189116 61.7920377 34.3747747
392985247 61.762413 34.3645223
1082312025 61.7828266 34.3843509
2142376860 61.8045553 34.3462547
607411223 61.7624034 34.3639045
253548 61.8053599 34.295549
392985249 61.762418 34.3630417
392984453 61.7624905 34.3610371
1406160466 61.7868628 34.3527666
1418921363 61.8050741 34.3451613
1743494560 61.7986103 34.3615241
606605778 61.7625324 34.3598895
392985240 61.7625377 34.3597308
2329626131 61.7624947 34.3593531
1407050683 61.762197 34.358389
2430814946 61.7925192 34.370892
406497601 61.7975894 34.3405308
606605773 61.7634877 34.3583552
1407050686 61.7622108 34.3582322
4877619149 61.7798768 34.3120374
392983519 61.7651303 34.3586008
1468607733 61.8169441 34.313102
607989830 61.7659494 34.3584332
1379643897 61.8005953 34.311395
536798260 61.8102488 34.3291381
406438123 61.7878374 34.3804454
418089433 61.7883844 34.3417807
2351183078 61.7685239 34.3581312
3149649379 61.7694007 34.3585414
607989841 61.7707479 34.3590218
536556630 61.7723922 34.3596067
392981015 61.7727894 34.3594862
1696346474 61.7765974 34.4020674
4304550642 61.782234 34.3870419
1921512342 61.7733268 34.3589646
392981025 61.7734999 34.3588099
1468607713 61.8164704 34.3119207
392981016 61.7736627 34.3586096
1471211297 61.7975791 34.3229785
607411218 61.7624458 34.3622718
1407050932 61.7748514 34.3569449
2329626123 61.762445 34.3650724
1156080550 61.7647913 34.3155143
392981051 61.7751181 34.3566118
609607035 61.775223 34.3564921
392980977 61.7760168 34.3560997
1921512343 61.7733509 34.35907
392982373 61.7664051 34.3221647
392980979 61.7761809 34.3560231
609607105 61.7781364 34.355111
393007400 61.7848121 34.3476432
2324328673 61.7636781 34.370789
392980970 61.7782391 34.3550577
3160668219 61.7788948 34.3760862
2317888595 61.7789548 34.3545155
392982256 61.76679 34.4376651
1665724583 61.7656801 34.3790735
2317888597 61.7793723 34.3540577
1468607735 61.7659597 34.38875
2317888612 61.7804525 34.3525442
365583839 61.7819601 34.3861456
1737426705 61.7975823 34.3625636
392987852 61.7805721 34.3524909
2395912433 61.7756495 34.3111576
2938709804 61.7806368 34.3524085
5107258479 61.7811185 34.3517646
2392746866 61.7915788 34.3678938
3135041880 61.7825374 34.3498398
392982375 61.7659901 34.3211052
1736000598 61.8004093 34.3594146
1469470254 61.7878739 34.385081
1406758066 61.7830929 34.3490891
1406758072 61.7838911 34.3479572
1686053182 61.7631143 34.3087871
2939069435 61.7845081 34.3471712
1291817440 61.7967318 34.3371715
392987461 61.7781492 34.3774684
1469154416 61.7825376 34.3614349
4877619151 61.7797309 34.3118919
2938709848 61.7921912 34.3693922
1900216057 61.8020257 34.3045099
1469154393 61.808273 34.294428
1744450681 61.792831 34.3684983
392982654 61.767668 34.3580935
2324328709 61.7641152 34.3721467
2938709830 61.7874559 34.3542143
3448238396 61.7999358 34.3177645
1353396914 61.8025988 34.3018677
428750868 61.7932926 34.367867
1744450692 61.7934515 34.3676343
1468607698 61.80896 34.3345103
2317888593 61.7783973 34.3548854
442801989 61.782924 34.3892999
1744195379 61.795022 34.3654595
611278609 61.8006436 34.3119455
2389467326 61.7741029 34.3581807
1248485305 61.795204 34.3651968
3049124189 61.7955403 34.3647231
1743494490 61.7969903 34.3631415
430569651 61.7981949 34.3619656
1743494540 61.7983311 34.3618209
536808414 61.8051453 34.3449606
521560572 61.7992313 34.3607592
1711812065 61.7786781 34.3663071
1468707742 61.7996649 34.3601181
2916881055 61.7998205 34.3597848
1737496201 61.8005217 34.35768
1163035488 61.7663824 34.3590283
1730696636 61.7732731 34.3590119
1737426908 61.8008018 34.3568756
1737496230 61.801423 34.355097
609607027 61.7749037 34.3571432
1737496239 61.8016505 34.3544545
536808409 61.8017751 34.3541046
609034878 61.7698904 34.409927
536798273 61.8102564 34.3293572
1418901184 61.8038379 34.348276
1418921327 61.8040132 34.3477847
609503161 61.7661579 34.3880403
1418921328 61.8040272 34.3477454
1954309142 61.7737632 34.3131275
392979071 61.8033239 34.2994923
1418921358 61.8050671 34.3448139
2441243108 61.7763589 34.4088995
1472007700 61.7740373 34.3831172
536808413 61.8051309 34.3446381
5541230459 61.8055521 34.3434495
536808406 61.8066082 34.3404689
536811513 61.8073329 34.3384207
3061481233 61.808618 34.3347313
418089610 61.7893939 34.3419496
536798045 61.8086662 34.3345875
1468010997 61.7780153 34.409269
536798257 61.810098 34.3295256
536798259 61.8101142 34.3293419
392982445 61.770088 34.318099
392981597 61.77576 34.403499
1418901183 61.8037942 34.3483987
392978216 61.8099973 34.328607
3271010277 61.8095491 34.3279637
3088881801 61.8094418 34.3278097
610295280 61.8017384 34.305996
392978247 61.8145535 34.3158179
606605760 61.7622389 34.3585951
2322958899 61.8142442 34.3161441
392978271 61.8137822 34.3166308
2619050993 61.7881848 34.3386613
1746665133 61.8113344 34.3202599
1737426982 61.8015188 34.3552438
392990071 61.81095 34.3213826
2314320074 61.7638148 34.3712168
1469154408 61.809151 34.2971322
1741631916 61.7847544 34.3911831
392989892 61.8100414 34.3242316
392979095 61.8090544 34.3272536
392979697 61.7994369 34.359467
1313780577 61.8158907 34.3143014
1383927424 61.795025 34.3445064
1371537092 61.8153661 34.3148934
1471872495 61.8161485 34.3134024
1468607700 61.8161779 34.3128531
1418921354 61.8049918 34.3450212
1468607730 61.7640064 34.3722855
2327099587 61.7663675 34.358784
392979644 61.7999008 34.3602465
392981917 61.770828 34.40731
2327099633 61.7624169 34.3631081
2401366761 61.7796282 34.3539696
1468343428 61.7787315 34.3068398
2327099561 61.7658269 34.3584596
1783877219 61.7979583 34.331888
1418901205 61.8100475 34.3303678
1187612459 61.7955709 34.364679
1191291287 61.7731033 34.3589117
392981013 61.7731765 34.359097
2545753145 61.766451 34.3200306
1293786666 61.8088594 34.2957487
1406758040 61.7817614 34.3505992
1468607725 61.7962145 34.363677
2414333209 61.7805205 34.3813836
1472007651 61.7581967 34.4370296
1735729791 61.7993381 34.3430253
1454855245 61.8003628 34.3577323
1300954720 61.8130043 34.3172433
392982892 61.7665481 34.3200292
392986145 61.756141 34.4533
529925466 61.7857276 34.389423
392983910 61.75616 34.452411
1379643920 61.8011955 34.3089536
1248485296 61.7954397 34.3648679
2817609898 61.7744591 34.3826054
1729209692 61.7569124 34.4516428
1954309139 61.7734002 34.3145062
1692346951 61.7570707 34.4514812
1729209701 61.7573286 34.4532979
1692346973 61.7579277 34.45066
5444574028 61.7852602 34.3471474
1401766298 61.7999116 34.3205048
1300954653 61.8152229 34.315056
392984895 61.758689 34.450069
392983143 61.770908 34.317119
2452432620 61.7931233 34.3732831
392989897 61.7757148 34.406768
606360333 61.7647824 34.3144242
1226707688 61.775531 34.40557
2476352673 61.7755396 34.4054433
392981595 61.775569 34.40501
392981594 61.775661 34.404171
392981596 61.775848 34.40311
1836327660 61.7903327 34.3638937
392986232 61.7899015 34.3777241
392983482 61.7638176 34.3583953
5444574027 61.7848779 34.3473794
2401366702 61.7791575 34.3545221
3554932260 61.7867516 34.3443331
1905496364 61.7992879 34.3248346
1088070374 61.7847897 34.3472823
392986407 61.7843434 34.345912
392986425 61.7848824 34.3451406
2896819451 61.785993 34.3451026
3263663864 61.7865202 34.3444169
2655422725 61.7785651 34.3089043
2395912438 61.7758899 34.3108604
1239898014 61.8008359 34.3109032
1468607688 61.7637738 34.3706469
2317998917 61.7873828 34.3432949
536573264 61.7885878 34.3409289
1406172350 61.7881855 34.3390785
2908428134 61.7904049 34.3641358
2506189120 61.7925647 34.3740506
2619050992 61.7880851 34.3387701
2619050987 61.7877453 34.3378093
392987789 61.7861705 34.3328637
392986513 61.7843281 34.3269999
4034488052 61.7622303 34.3044901
1290794895 61.7717469 34.3920826
609607042 61.7752786 34.356742
2655422730 61.7829133 34.3223372
392979645 61.7991566 34.3609239
1707278083 61.7637917 34.3113199
2655422715 61.7825482 34.321062
2412898935 61.7979298 34.340885
2655422716 61.7819205 34.3189747
1472007638 61.7583293 34.4362861
2350914061 61.7711862 34.3590797
2882885607 61.7793496 34.3106983
1352827092 61.8020227 34.3038455
2882884300 61.7791264 34.3099808
2141582975 61.8097015 34.3313231
1836327687 61.7910867 34.3663178
2655422721 61.7788315 34.3091489
2655422723 61.7786554 34.3089552
1371537140 61.8160581 34.3141126
392986151 61.75671 34.454399
2107960415 61.7893439 34.3422734
1295341817 61.7834387 34.3831114
1741631700 61.7831786 34.3837282
536808412 61.8056615 34.3435062
392989946 61.7736204 34.4182848
1191289123 61.7966029 34.3554501
2655422689 61.7831115 34.3226192
2670322509 61.7983753 34.3210296
536573298 61.7890596 34.3427052
418089608 61.7888981 34.3427562
392986421 61.7884643 34.3579077
1737496070 61.799085 34.3610098
536798283 61.8096978 34.3318638
2925765907 61.7861077 34.3503098
1732182170 61.7564806 34.4540915
2107960407 61.788245 34.3422946
2545753150 61.7661478 34.3203269
1468607711 61.7678366 34.3877739
418089599 61.7883907 34.3421121
1379643973 61.8060471 34.2942024
1469154430 61.7779221 34.4091431
1752850135 61.7629563 34.3072701
392986545 61.7852348 34.3462105
1783547537 61.7948878 34.3447061
1471923937 61.7656543 34.3885087
1379644093 61.7999108 34.3166711
392982393 61.7692116 34.3584705
430568173 61.7873595 34.3543519
392986403 61.7851886 34.3474221
610860365 61.7856188 34.3487886
370927524 61.7865294 34.3516798
1353396898 61.8021687 34.3038308
392981017 61.7754295 34.3563448
365583842 61.7932348 34.37313
2098210710 61.7862017 34.3506194
392981743 61.772274 34.359565
1468343495 61.7835759 34.3929403
392990066 61.8117566 34.3191665
2545753155 61.7668359 34.3202845
1250790091 61.8160974 34.3128504
392986150 61.756519 34.454181
536798251 61.799417 34.3607221
392981955 61.770069 34.4318
3135042386 61.7874246 34.3545617
607973562 61.7673372 34.3886464
1744597015 61.7892128 34.3603225
392984708 61.7618595 34.3041072
1744450270 61.7900727 34.3630732
2463233769 61.789407 34.3416798
392982448 61.7670747 34.321159
3060758269 61.7750844 34.3817588
392987482 61.7783187 34.3998441
2317888608 61.7797638 34.353514
392980038 61.79734 34.3628002
392989920 61.7867649 34.3859979
2655422695 61.7804641 34.3139166
2545753132 61.7660605 34.3216574
392990067 61.812011 34.31871
1468343453 61.7767192 34.3097928
404615551 61.7654438 34.3168702
392986229 61.7911174 34.3664151
606944808 61.7663722 34.3885509
1744450398 61.7914824 34.3675829
1468010995 61.7664758 34.4381457
2452436670 61.7921379 34.3696955
1472007654 61.7720732 34.3877343
1468010985 61.7749684 34.4152879
606944806 61.765766 34.3885178
2371482277 61.7884246 34.3796807
2545753124 61.7663655 34.3200646
392989907 61.77687 34.410591
392980707 61.7786126 34.306764
1744597104 61.78975 34.362041
606360347 61.7661023 34.3197555
392981708 61.7732237 34.3592864
370951824 61.7930267 34.3684342
3546131625 61.7893373 34.378491
1468010988 61.756204 34.4535687
1744730547 61.7691624 34.3190767
2333293798 61.7674049 34.3581448
392987247 61.7801273 34.3974254
2616584979 61.7853287 34.3478694
1752849979 61.7624264 34.3051257
1829688611 61.7879124 34.3803584
1295341844 61.7882689 34.379887
1737496220 61.8006424 34.3573333
392981617 61.7776666 34.404218
610993923 61.7980938 34.3207144
3271010279 61.8097169 34.3282046
1293786828 61.808701 34.2954118
4877619148 61.7798029 34.3121268
392982381 61.7672429 34.3208838
4842666230 61.7767761 34.4102803
392980939 61.7733222 34.3146092
1468343412 61.7798238 34.3118537
1784374585 61.7779553 34.3087727
392986411 61.7885729 34.3526473
392981840 61.7744358 34.3826369
2545753147 61.7662902 34.3201226
1082225372 61.7923943 34.3706738
392982374 61.7666296 34.3221458
4034488054 61.7623129 34.3063968
2545753134 61.7670076 34.3209173
1701503115 61.7801259 34.380104
392979702 61.7987097 34.3283868
392981894 61.767181 34.41307
1665724511 61.7656534 34.3783183
1468413583 61.7661332 34.3202292
392980695 61.7785408 34.3089144
1744730542 61.7690827 34.3195935
2107962146 61.7891653 34.3426307
2887010792 61.7843354 34.3265955
2545753162 61.7660344 34.3206683
2857455936 61.7924751 34.3689735
1737496224 61.8007341 34.3581349
1295341849 61.7823797 34.3944045
1472007671 61.7779772 34.3775275
3271068949 61.7925114 34.3708677
2545753140 61.766001 34.3208871
546920545 61.7772805 34.3090901
2545753138 61.7660249 34.3215018
4791575499 61.7770704 34.4022662
1711812046 61.777656 34.3676516
546920539 61.7760723 34.310635
529850296 61.7661046 34.3217917
1559017078 61.7791591 34.3658471
3135041919 61.7847719 34.3579256
392980557 61.7733199 34.3137048
392980564 61.7734904 34.3134782
607953878 61.7652263 34.3160458
1921512351 61.7737917 34.3585839
2459057216 61.7780066 34.405333
1257075157 61.7655358 34.380392
1711811970 61.7755289 34.3652617
392982985 61.7628342 34.3066503
608572555 61.7717346 34.3930254
418090012 61.7846522 34.3470009
1752850033 61.7626149 34.3058517
1736446066 61.7999588 34.3593708
392986058 61.7569546 34.4540297
2545753130 61.7666363 34.3200623
614308235 61.7626933 34.4447804
1406172309 61.7849763 34.3474335
1710267591 61.7623937 34.4193466
2655422698 61.779131 34.309648
1406172289 61.7845894 34.3453585
1701180927 61.7599405 34.4346618
1468010999 61.7724516 34.4254106
1468343477 61.7825906 34.3939373
1468343429 61.7763758 34.4022522
1468343480 61.7760359 34.4081048
1783877301 61.7986603 34.3286437
2655422710 61.7849455 34.3289236
2329626213 61.7635803 34.3588492
1752849987 61.7624514 34.3052144
1773521514 61.7826619 34.3496671
1468010981 61.7615675 34.445967
2422476256 61.798277 34.3412324
392980926 61.774181 34.312728
1720077331 61.7932548 34.3679189
1711812023 61.7770506 34.3684652
1418921343 61.8041919 34.3473098
606360334 61.764677 34.3145543
1156080556 61.7639257 34.3110113
1194008947 61.7821718 34.3201634
392983822 61.7585194 34.4365083
1752849943 61.7622984 34.3063456
1701503118 61.7804022 34.381005
392987643 61.7789994 34.307562
1418921337 61.8041302 34.3474843
392984413 61.7618138 34.3045374
392978986 61.8071368 34.2918269
1379643964 61.8059276 34.2939354
392982378 61.7660923 34.3204595
1468343465 61.7868188 34.3530313
606944805 61.7657243 34.3880245
2545753143 61.7669118 34.3204221
392983029 61.7713319 34.3170551
392984090 61.763126 34.4176822
392984223 61.7645253 34.4144179
1550727181 61.7720046 34.3162136
392980609 61.7726515 34.315413
1784374329 61.7734892 34.3143876
1784374382 61.7745762 34.3129752
2930480014 61.7817957 34.3855957
1743494421 61.7963308 34.3637802
2395912445 61.7759883 34.3112166
1784374501 61.7768703 34.3100935
1829688598 61.7877152 34.3805194
2395838286 61.7770399 34.3098871
1468413588 61.7665176 34.3221862
392987264 61.7808943 34.3825747
1549420893 61.7698142 34.3188934
1334579436 61.779849 34.3792013
1784374315 61.7773409 34.3095223
2504047025 61.7775203 34.3717402
2504018792 61.7781649 34.3738114
4034488063 61.7639911 34.311474
1379643929 61.8043824 34.2975656
392987513 61.7783111 34.3667788
1468343427 61.7717011 34.316591
609557000 61.7680137 34.3582976
2317998919 61.7881298 34.342323
1468607744 61.8162688 34.3119197
1701180922 61.7599013 34.434717
2098210706 61.7872347 34.3545034
392981987 61.771598 34.40258
1468607745 61.8168531 34.3127306
1730696519 61.7729093 34.3596802
392982440 61.7688711 34.3193809
1773521697 61.7854225 34.3570205
392980693 61.7789233 34.307199
392980912 61.7781731 34.3086647
392982981 61.7631167 34.3082693
1469470284 61.7843761 34.3918648
3163376335 61.7839902 34.3590475
1711812001 61.7764159 34.3681046
392987746 61.7881124 34.3845336
3227796277 61.7830994 34.3602854
2905210878 61.7724574 34.3149818
392987863 61.7830281 34.3603845
1740301792 61.7811827 34.3631554
2476358352 61.7810613 34.3961766
614579100 61.7601456 34.4252543
1740301775 61.7811484 34.3632094
392987509 61.7795594 34.3653843
1472007641 61.7700632 34.4095617
1468343488 61.789532 34.361724
1468343468 61.7786639 34.3088633
536798261 61.8102609 34.329272
1371537145 61.8161877 34.3127007
1740301724 61.7807329 34.3637745
1353396960 61.8037161 34.2990396
1418901142 61.7965825 34.3390797
392984036 61.766343 34.438831
1744597018 61.7892443 34.3516932
614004465 61.7908225 34.3497357
1472007703 61.7578007 34.4365629
392986266 61.791303 34.3491777
416622394 61.7918093 34.3485978
1745321891 61.7917186 34.348705
392982363 61.76897 34.319671
1468607707 61.8061342 34.3415592
1741631869 61.7843675 34.3917278
1745321886 61.7915323 34.3489175
1783547168 61.7925328 34.3477695
2957627874 61.776809 34.3688102
1783547299 61.7940296 34.3459261
1239938044 61.8037518 34.2984857
1468010987 61.7704065 34.4314402
392982197 61.7759839 34.4028721
1300954647 61.8161699 34.3129837
392979651 61.7935919 34.3674385
392979769 61.7942832 34.3455815
609006472 61.7601022 34.4245274
1472007692 61.7701198 34.4084212
392981904 61.771259 34.40398
1783547428 61.7944612 34.3453268
1900216050 61.8011576 34.3083882
2450648407 61.781244 34.3837503
1291817592 61.7980178 34.3316128
392981921 61.7684364 34.4123278
392979777 61.7952318 34.3441906
392979776 61.7954692 34.3435545
1783694569 61.7956872 34.3426005
1783877095 61.7965057 34.3386884
392983817 61.7578086 34.4367354
1783694604 61.795988 34.3411503
1291817388 61.7977498 34.3328518
606766634 61.7629996 34.3686281
3227796271 61.7829245 34.360524
1291817473 61.7981798 34.3308644
1736578636 61.8002259 34.3133689
1291817396 61.7981903 34.3308156
1701180860 61.7594531 34.4352629
1783877275 61.7984738 34.329506
1736321703 61.8010049 34.3455353
392981912 61.77145 34.40047
1690100910 61.7733437 34.4201892
1825107365 61.798265 34.3209155
392981152 61.7754771 34.3650958
1783694599 61.795925 34.3414537
2545753160 61.7669746 34.3206837
1472007726 61.7748137 34.3823769
1701181002 61.761109 34.4331777
1383927432 61.7953582 34.3439372
1735983096 61.8021797 34.3472893
2678597784 61.7586747 34.4363251
3757940012 61.7920962 34.374694
1701227880 61.7624747 34.4314458
1743494452 61.7965855 34.3551502
1820299961 61.7994409 34.3247448
1248462612 61.7891627 34.3517956
392984894 61.7597948 34.4348434
1743494439 61.7965002 34.3550264
392983781 61.7599615 34.4247817
609006473 61.7602326 34.4254542
1708966035 61.7614464 34.4284674
1239937883 61.8018008 34.3048291
392978874 61.8082457 34.2916154
1737426765 61.7993901 34.3593899
1414948289 61.7616348 34.4289203
1468413585 61.7669709 34.3215656
1783694688 61.797536 34.3404657
1082312034 61.7825854 34.3855288
609034833 61.7646189 34.4141699
392983758 61.760742 34.4267608
2389468608 61.7755446 34.356529
392987866 61.7814563 34.3627636
3160668216 61.7790485 34.3765764
392983821 61.7581496 34.4368794
392989900 61.771751 34.427619
5232537202 61.7843099 34.3918087
1710267623 61.7625424 34.4189894
442407546 61.7778285 34.3727634
1472007706 61.7715491 34.4032083
609556994 61.7675608 34.3583327
1905496353 61.7988647 34.3215058
1766695075 61.7869445 34.3549139
1710267572 61.7620759 34.4200334
2678613562 61.7588166 34.4361378
1471872492 61.8161542 34.31357
1472007674 61.771797 34.3948814
1472007722 61.7685873 34.4116248
1472007675 61.7577886 34.4370768
1293906385 61.8056148 34.2950477
1352827098 61.8020331 34.3049829
3227796442 61.788488 34.3527591
392978859 61.8080895 34.2938855
2333008501 61.7999126 34.3199016
1091129414 61.7716966 34.3927422
392981906 61.7688536 34.4112458
392982744 61.7696857 34.4103473
442405644 61.7878319 34.3849588
1472007720 61.7711723 34.4058656
392980708 61.7783898 34.3067656
4034488056 61.762401 34.3050414
1293786767 61.8095792 34.2976484
3163376333 61.7833496 34.3599377
1472007643 61.7687645 34.4119008
392981916 61.7703409 34.4088865
392981911 61.7669478 34.4137183
1829688607 61.787863 34.3827456
392984225 61.7664146 34.4139306
1472007729 61.7680281 34.412772
1462977565 61.7995852 34.3596393
253550 61.8069759 34.2926585
392981879 61.7774999 34.3783753
1191289112 61.7883283 34.3793101
521560559 61.7998099 34.3596188
1468607743 61.7679485 34.388051
536808410 61.8048641 34.3457578
1694910655 61.7841975 34.3587594
1783547195 61.7927096 34.3475855
392981902 61.770721 34.406871
392979543 61.8027371 34.3481144
392983812 61.7587145 34.4362782
1472007714 61.7628492 34.418576
392981679 61.7724969 34.3854516
392981905 61.76939 34.410331
1239909213 61.8013335 34.3081972
1741631912 61.7847214 34.3912307
253545 61.8033524 34.2998495
1736321766 61.8012164 34.3458513
1472007669 61.7711487 34.4047956
1293786849 61.8090657 34.2961876
393976416 61.8029663 34.348453
430569512 61.8001155 34.3441927
2907095373 61.7920223 34.3692933
1291817384 61.7973341 34.3347868
392984227 61.7646961 34.4139654
392982360 61.7708119 34.3176838
1472007712 61.7707009 34.4080349
392978876 61.807135 34.2926044
1735982999 61.79957 34.3433736
608572629 61.7651742 34.4137793
1783877310 61.7987584 34.32817
392989918 61.7854579 34.3900721
609034819 61.7704775 34.408499
392980933 61.777839 34.30838
392981677 61.7722671 34.3862086
1458601317 61.7983458 34.3578105
2317998902 61.7855764 34.3458583
392981903 61.7713866 34.4025646
1468011001 61.7667651 34.4380599
1468413577 61.762017 34.3040152
1291817469 61.7975242 34.3338873
611278623 61.8007024 34.3116265
392981986 61.771648 34.40063
1558035949 61.7770397 34.3701448
1191290786 61.7783846 34.3749116
1418901148 61.7976403 34.3405954
1472007684 61.7714266 34.3938568
404545651 61.7655631 34.3177962
392989880 61.7993967 34.3249578
392987182 61.7798316 34.3536987
1469154379 61.8036383 34.2987678
2545753131 61.7669823 34.3204736
1472007666 61.7723126 34.3859684
392986148 61.756881 34.454288
2545753142 61.7667284 34.3201354
392981676 61.7723691 34.3857771
536798194 61.8000761 34.3589995
1418901179 61.8033711 34.3490744
1290794876 61.7717349 34.3932321
3135041927 61.7849219 34.3577133
5444573733 61.7619325 34.3040032
1468010994 61.7621639 34.4452053
392981897 61.767658 34.412628
1737495984 61.797664 34.3567417
392987864 61.7805825 34.3640205
609034880 61.7697577 34.4102041
1694910621 61.7774564 34.3784356
1291917962 61.799119 34.3426775
609034827 61.7706627 34.4079373
1088070375 61.7853033 34.3465286
392983534 61.7661759 34.3583915
1469154425 61.7812643 34.384164
392983814 61.7622849 34.4317163
2545753144 61.7662083 34.3202218
2389467288 61.7739262 34.360207
392979783 61.7999119 34.3202944
392981907 61.770351 34.4081
1472007685 61.7701012 34.4087857
370940453 61.7838885 34.3924006
1468607718 61.8083721 34.3352399
406438130 61.800192 34.3135502
392989943 61.773159 34.422489
1468343478 61.7729458 34.3139901
392981915 61.7715722 34.3930729
392981896 61.768318 34.411968
2545753135 61.7670052 34.3213274
392986429 61.7861569 34.3504626
1783547339 61.7941757 34.3457247
1191290790 61.7762689 34.3680559
1737426759 61.7992097 34.3591109
1293906599 61.805467 34.2947566
2536001611 61.7731994 34.384427
1468343496 61.7847262 34.3285075
1687343280 61.7621732 34.4303113
529925465 61.7859056 34.3889173
2762130622 61.7982959 34.3238216
392984221 61.762458 34.419208
1472007649 61.7691089 34.4108526
2279368641 61.7734925 34.3839996
365583834 61.7789712 34.3763235
392983425 61.763039 34.3687895
1469154418 61.8095282 34.2977088
1290794898 61.7720373 34.3880662
1468010996 61.7753921 34.4147676
2324328628 61.7656631 34.3804002
609034867 61.769758 34.4095856
3060721749 61.7731087 34.3845593
392983823 61.7578234 34.4371549
2655422732 61.7831991 34.3229202
3862262307 61.7800909 34.3974754
1290794916 61.7850961 34.3906905
1472007657 61.7724212 34.3856103
1468343493 61.7741233 34.3136864
392983820 61.7579202 34.4365377
432528587 61.7618768 34.4295441
1471211293 61.7976462 34.3225289
392981151 61.7766909 34.3689797
392978982 61.8045052 34.2967607
430568171 61.7848403 34.3578263
2694096391 61.7994316 34.3220637
2503999371 61.7781325 34.4057458
392987236 61.77983 34.379138
1252607865 61.7976156 34.3225048
1783877172 61.797452 34.3342288
392983828 61.7586229 34.4363862
1239937986 61.8017732 34.3058068
1291817572 61.799184 34.3266076
406607175 61.7915575 34.3754345
2467384782 61.7755732 34.381097
1472007676 61.7606182 34.4260218
1905496345 61.7987907 34.3243393
1736321590 61.8003727 34.3445904
2463225150 61.7977888 34.3233033
2694096384 61.7987581 34.3214008
1401766288 61.799751 34.3223652
392978855 61.8077566 34.2923931
1383927283 61.7937005 34.3461024
1736000557 61.7996633 34.3596878
1407050893 61.773642 34.359281
1191291286 61.7741869 34.3606037
1469154389 61.7862291 34.3556242
1239938002 61.8016571 34.3056648
1469154404 61.8088569 34.2953055
392982401 61.766928 34.3585635
4034488074 61.7744851 34.313084
392984609 61.7621632 34.3058809
392983371 61.7655673 34.3880175
1293786741 61.8091071 34.2968503
392986275 61.793186 34.3470535
521560553 61.7997269 34.3596849
1468011002 61.7696453 34.4323843
1407050838 61.7726036 34.3596047
392981920 61.7676956 34.4130815
2458035171 61.780398 34.3970636
1743494481 61.7969086 34.3556231
5303668476 61.7878374 34.3807463
470948051 61.7998849 34.3225012
2916789248 61.7980721 34.357384
536573261 61.7889601 34.3406571
3130902697 61.7839557 34.3923062
521560574 61.7994305 34.3601396
1379644089 61.8004939 34.3134024
1291817417 61.7964552 34.338937
3448253694 61.8003994 34.3132691
1472007686 61.7713275 34.4033448
1736446054 61.7985818 34.3581639
392989908 61.787145 34.3854589
1418901159 61.8002158 34.3443472
2655422726 61.7788761 34.3092057
392981866 61.771848 34.3902438
392979812 61.798621 34.3415766
392989911 61.7874986 34.3853155
609034829 61.7646546 34.4143791
1191290788 61.7764338 34.3677781
1295341776 61.7855705 34.3898238
2957627873 61.7766311 34.3687941
2459063078 61.783087 34.3934652
392978868 61.8082658 34.2911876
1921512348 61.7737341 34.358388
1781833814 61.7899666 34.3507203
392984901 61.761428 34.421459
1468343491 61.7877847 34.3373307
392982447 61.7711119 34.3168324
1418921352 61.8042607 34.3474537
392983819 61.7581061 34.436358
3130903069 61.7898404 34.3778033
1383927320 61.7933201 34.3468963
606605903 61.7627775 34.3676107
1407050891 61.773517 34.3595509
1900216047 61.8008316 34.310132
2371482289 61.7999876 34.360116
1250790058 61.8100721 34.3238953
1468343408 61.7930921 34.3724528
1468343445 61.7804498 34.3968985
392987922 61.7813309 34.3171023
392981908 61.769859 34.409381
2924361354 61.7980455 34.3235631
1353396899 61.8021825 34.3030956
392978994 61.8025492 34.3014598
392982449 61.7670605 34.3204957
392980978 61.7764223 34.3559105
1379643925 61.8042652 34.2972939
5444573730 61.7620462 34.3040312
1905496328 61.7982518 34.3237876
1701181029 61.7612658 34.4329834
1293906450 61.8055095 34.2947593
1735982979 61.7988994 34.3421861
1703193521 61.7701308 34.4316753
1293786685 61.8096721 34.2973985
392982247 61.771228 34.4291
1293786722 61.8094567 34.2977095
1469154392 61.7834481 34.3595252
1239909205 61.8012147 34.3080829
1472007688 61.7621538 34.4195094
1291817447 61.798313 34.32967
1352827097 61.8015191 34.3057719
392986155 61.756008 34.452579
606360348 61.7662016 34.3196447
1701227687 61.7600949 34.4251401
392981168 61.7742336 34.3611862
1468343479 61.7784035 34.3088896
253549 61.8065404 34.2932379
2098210690 61.7872897 34.3541266
253546 61.8038567 34.2987219
2389468719 61.7757988 34.356127
1353396906 61.8023838 34.3022005
392983795 61.7625571 34.4313291
611278592 61.8012921 34.3084143
3448253501 61.8000268 34.3167
392985246 61.7625939 34.3664296
2389467307 61.7740989 34.3607572
4034488071 61.7731651 34.3139144
1831896433 61.7868304 34.3805813
1468607710 61.7670458 34.3878238
392979737 61.7998975 34.3224126
2823762643 61.7956485 34.3427699
1710267549 61.7619098 34.4204089
1725578439 61.7712228 34.3167179
3149649384 61.7845729 34.3806898
392978869 61.8082879 34.2914512
392979742 61.7997854 34.3230021
1291817574 61.7992213 34.3258405
392979692 61.7993773 34.3603406
1291817510 61.7989456 34.327228
2917020058 61.7989175 34.3273692
1401766304 61.8001694 34.3149295
2916789247 61.7977348 34.3568585
1711812055 61.7780015 34.3671873
606360360 61.7671853 34.3204826
1250790087 61.8100977 34.3244755
392989942 61.7733 34.421119
392983162 61.7675971 34.3202405
1406172312 61.7852913 34.346862
392986521 61.7865317 34.3340149
392982213 61.7747893 34.4157586
1550727174 61.7718193 34.3158697
4034488069 61.7726194 34.314731
1418901189 61.8040858 34.3481732
3379680194 61.7719139 34.3596864
392980662 61.7737961 34.3139887
392981854 61.7763675 34.379992
2655422722 61.7787607 34.3090506
392981862 61.7721325 34.3872713
392980927 61.774631 34.312328
1686023266 61.7618629 34.4454246
1402013409 61.7762757 34.3676553
1187612461 61.7964317 34.3636855
1701181019 61.7612243 34.4330338
392979971 61.7975698 34.3336836
370948612 61.7739823 34.312849
2882880474 61.774879 34.31211
392978267 61.81253 34.31808
529279063 61.7738005 34.3598065
2395838285 61.7769355 34.3095315
418089437 61.7884072 34.3414706
1156080545 61.7623472 34.3067151
406518210 61.8162216 34.3139131
392989919 61.7852112 34.3905021
392981900 61.766338 34.41349
1468413579 61.7618307 34.304233
392989901 61.772499 34.42543
2395912437 61.7757325 34.3115423
2545753153 61.7670185 34.3211327
392980934 61.7779938 34.3079927
2452432622 61.7931953 34.3730065
392978984 61.8064506 34.2929047
392980704 61.7780383 34.3073583
392978871 61.8082342 34.2910914
1353396880 61.804115 34.2983024
430569546 61.7990348 34.3610603
392980560 61.7782376 34.3068947
253541 61.8002089 34.314076
2917020037 61.8067861 34.3403333
2459058947 61.7962377 34.3399681
1784397258 61.7782699 34.306858
392979996 61.7943191 34.3664295
1472007717 61.7610193 34.4277009
5411659672 61.7785012 34.3067487
392979649 61.795917 34.3642474
392983815 61.761558 34.432628
392980706 61.7788309 34.3069462
1406172346 61.7878179 34.3429326
5411659671 61.7790083 34.3078556
1752850242 61.764074 34.311783
392979318 61.8104747 34.3228592
392980696 61.778784 34.3087408
430569514 61.8020721 34.3471302
2655422687 61.7844183 34.3268778
1744730562 61.7692436 34.3194829
2414333210 61.7807111 34.3819933
392989879 61.7977061 34.3232129
1191289114 61.7812236 34.3834078
392986525 61.7855899 34.3306591
1468010982 61.7564654 34.4520395
1735983105 61.8027468 34.3513587
2619050988 61.7878298 34.337678
392980697 61.7789116 34.308491
1290794918 61.7715616 34.3932264
4034488065 61.7647418 34.3147894
2655422702 61.7789047 34.3086531
2655422699 61.7789421 34.3090215
2616585804 61.7789577 34.3090881
1257075154 61.765677 34.377263
2655422696 61.7794582 34.3106979
595635908 61.7738184 34.3603819
392982372 61.7669039 34.3217888
2389468573 61.7754991 34.3563056
404561219 61.7661327 34.3199725
3130902656 61.7818493 34.385775
392986558 61.7893951 34.3414218
1737426963 61.8013081 34.3554216
1729209704 61.7573981 34.4531621
2470177129 61.7926317 34.3739586
2655422728 61.7829922 34.322244
1707278096 61.7639108 34.3111744
1418921339 61.8041127 34.3478818
2317998921 61.7881665 34.342468
1752850142 61.7630203 34.3077915
610993925 61.7975761 34.3228322
1701181112 61.7621153 34.4319355
442407545 61.7834012 34.3831981
1406172351 61.7882931 34.3389254
1406172386 61.7887786 34.3403937
1418921326 61.8039286 34.3480218
536573277 61.7891917 34.3408669
1468413580 61.7619059 34.304019
430832365 61.7621 34.304087
2583227276 61.7770412 34.4021706
370948606 61.7742169 34.3134043
607989839 61.768721 34.3583044
607973559 61.7677125 34.3877605
536798252 61.8102276 34.3290267
2655422704 61.7812272 34.316485
611278626 61.8005724 34.3115171
5253584422 61.7710392 34.429588
536573286 61.7885699 34.3424642
1711811984 61.7761245 34.3671706
392982889 61.7662695 34.3197769
4337621787 61.7792841 34.398609
1744597031 61.7893498 34.3607607
392983463 61.7633701 34.3588097
609556985 61.7624132 34.359006
392982221 61.775699 34.41389
1686987223 61.7863843 34.3872909
392980694 61.7782699 34.3087994
1469154375 61.8093354 34.2975812
1468413584 61.7562359 34.4535212
4034488068 61.7650845 34.316042
5418701123 61.7733381 34.4203015
2107960468 61.7884523 34.3422574
1295341765 61.7854576 34.3806316
392981618 61.7786797 34.4075409
2655422705 61.7830402 34.3227501
392981901 61.77103 34.405521
607411202 61.7624578 34.3619399
392987200 61.7789889 34.3546998
607411204 61.7626657 34.3619405
3833789777 61.786908 34.3529109
609607074 61.7813101 34.3515086
1471211303 61.7976059 34.323068
609034807 61.7716592 34.3977681
392989947 61.7733867 34.4194217
1710267537 61.7613461 34.4216322
536808408 61.8034903 34.3492574
392989945 61.772768 34.4246749
2887010791 61.7842438 34.3267032
1469154415 61.7851669 34.3574885
1191289115 61.7787962 34.3754578
1468010990 61.7734674 34.4187826
5444573735 61.7618218 34.3043517
392989871 61.811424 34.3200308
392987226 61.7828212 34.3850278
392989906 61.7769775 34.4111614
1744450394 61.7913472 34.3671503
430569815 61.796786 34.3633409
4034450716 61.7891809 34.3602205
392981964 61.770629 34.43058
404615579 61.7653371 34.3169808
1468343459 61.767706 34.3207881
392982248 61.770961 34.42979
1468413570 61.7663558 34.3198861
2545753157 61.7662975 34.3220963
392982010 61.7694551 34.4328719
2317998881 61.7855391 34.3456931
1752850057 61.7626417 34.3075685
1471872500 61.8161715 34.3137012
392982342 61.7733159 34.4207497
3274933789 61.7892496 34.3786011
2327099602 61.76321 34.359521
1921512353 61.7743206 34.3576304
4034488072 61.7738555 34.3139061
1482527595 61.7838303 34.3480441
392986448 61.7898175 34.3509144
1469154403 61.8057724 34.2950663
5444573732 61.761878 34.3040613
536818462 61.8048239 34.3454748
2351185439 61.7709667 34.3591685
4268767800 61.7811231 34.3161659
5253565213 61.7636711 34.44581
392983818 61.7577716 34.4369532
606605739 61.7622579 34.3580942
472260560 61.8003058 34.3137765
392987700 61.7889317 34.3594233
404616674 61.762489 34.3070203
521560576 61.7994491 34.3598791
1335828051 61.7882277 34.3394512
1472007662 61.759278 34.4352701
4337621782 61.7791611 34.3987666
1468413573 61.7668267 34.3219584
3160668217 61.7788567 34.3764823
1191289113 61.7880385 34.3803756
3130902688 61.7838112 34.392152
2323095177 61.7659552 34.3885281
1783547256 61.7936291 34.3464832
2655422681 61.7866213 34.3339308
2322959243 61.8146548 34.3157028
1082225369 61.790988 34.3656467
1418922693 61.8038253 34.3487008
1468343441 61.7852766 34.3291995
536798258 61.8101039 34.3290834
4304550633 61.7806008 34.3967924
392982978 61.7658277 34.3183305
609556999 61.7682469 34.3580711
2389467343 61.7733901 34.35891
1156080558 61.7661287 34.3187464
1468343424 61.7883489 34.3571331
392983868 61.7605679 34.4481372
392987887 61.785162 34.3806319
1468011005 61.7730808 34.4240373
2655422733 61.7831212 34.3230142
1468343450 61.779983 34.3127362
1156080559 61.7623575 34.3047288
392978254 61.8102799 34.323474
2459057215 61.7778168 34.4047106
1744730383 61.7671655 34.3210091
392982157 61.7777498 34.4095072
609034816 61.7703154 34.4081927
1418901178 61.8030568 34.3501121
1353396893 61.8019262 34.3049827
1752850180 61.7633063 34.3095258
1732182168 61.7563608 34.4538123
4615119993 61.7784187 34.4066845
392980709 61.7783062 34.3068216
1468607699 61.8162191 34.3120299
430569513 61.7999873 34.3440001
536554308 61.7724607 34.3599061
418089607 61.7887165 34.3426634
392981918 61.7712963 34.4052245
392981922 61.7691992 34.4112533
1752849926 61.7620783 34.3055545
1295341840 61.7876666 34.3805409
392979782 61.7999148 34.3185206
1752850051 61.7626352 34.3059307
607973556 61.7670357 34.3876987
2881612525 61.7886748 34.3524964
1737496227 61.8009605 34.3564197
1686053181 61.762942 34.3082603
392978989 61.8014541 34.3067296
4615119995 61.7778241 34.4047383
1468343494 61.7796863 34.3982664
1468343490 61.7772563 34.402606
4268732157 61.7916543 34.3753015
5444573731 61.7619779 34.3039973
2458035184 61.7807617 34.3965773
4268767799 61.7810656 34.3162448
1307784749 61.7776925 34.3673664
1472007709 61.7990151 34.3429377
2476356988 61.797551 34.3565757
1468413571 61.7702007 34.3177838
2412830774 61.7834996 34.3929171
392986235 61.7903593 34.3639902
392983746 61.7602319 34.4485929
2329626133 61.7625496 34.3660307
2317888594 61.7784396 34.3550312
606360332 61.7649754 34.3156365
1407050734 61.7646164 34.3585023
1469154406 61.8090569 34.2968688
1468343456 61.7818119 34.3181596
418089609 61.7892626 34.342492
392980703 61.7781379 34.3070598
392980691 61.7789919 34.3081706
3130902686 61.7837633 34.3925668
1766695077 61.7869679 34.3531017
1248462667 61.7916338 34.3488023
1710267531 61.7607476 34.4230006
5444573734 61.7618406 34.3041661
392987544 61.7784024 34.4081282
392983904 61.7624539 34.4441366
392989944 61.7730372 34.4235703
392983914 61.7586444 34.4506955
521560541 61.8003275 34.3592766
2430814948 61.7927886 34.3717345
392987246 61.781406 34.3957158
392981895 61.76662 34.413391
3271068950 61.7927057 34.3686703
392983824 61.757906 34.4371586
3757939899 61.7910287 34.3761657
1900216138 61.8086627 34.2953222
392978358 61.8128149 34.317725
1729209719 61.758399 34.451126
1468607715 61.765555 34.3773619
392981598 61.7768966 34.4016974
2930480016 61.7820357 34.3860252
1752850140 61.7629956 34.3084241
531495010 61.7658206 34.3582788
609673507 61.7802331 34.3531539
2317998918 61.7879981 34.3424944
1291817554 61.7972275 34.335896
392983916 61.7593633 34.4496362
1283777404 61.8131153 34.3173852
2655422701 61.7789161 34.308839
2655422707 61.7855282 34.3308174
1736000580 61.8002717 34.3590873
392986233 61.7920905 34.3695314
392982771 61.7679293 34.3882291
4034488057 61.7637971 34.3107656
2389468747 61.7758287 34.3562986
1729209757 61.7612789 34.4467273
1686053184 61.7636124 34.3106688
392984030 61.763404 34.4465077
1752850199 61.7634185 34.3094038
606489624 61.7646875 34.3738648
2459073183 61.7817818 34.3952097
370951861 61.7868883 34.3805757
1468607717 61.8011004 34.3572394
2317888614 61.7805123 34.3527222
392980705 61.7779935 34.3076683
2353316392 61.7844398 34.3808096
392981998 61.7670044 34.4370924
608572632 61.7652045 34.4142357
5444574026 61.7850748 34.3474654
1406757943 61.7815476 34.3515173
3130902659 61.7820189 34.386338
392978865 61.8081464 34.2910011
416622154 61.7926229 34.3476729
5253576819 61.7712722 34.4289748
2709084889 61.7831654 34.3900755
392989909 61.7869923 34.3855462
606694324 61.764622 34.373682
5407909208 61.8054456 34.2948867
2545753126 61.7667322 34.3220704
2916307140 61.7884012 34.3576921
450950369 61.7824169 34.3499908
2917020036 61.8067074 34.3401901
1829688605 61.7878466 34.3813182
2142350996 61.7836755 34.324805
392983865 61.7609066 34.4475362
1406172361 61.788639 34.3405104
536798287 61.8094457 34.3322959
606766699 61.7655727 34.3874965
314
1468413584 1468010988 1732182168 1732182170 392986150 392986151 392986148 392986058 1729209701 1729209704 1729209719 392983914 392983916 392983746 392983868 392983865 1729209757 1686023266 1468010994 392983904 614308235 392984030 5253565213 392984036 392982256 1468011001 392981998 392982010 392981955 1468010987 1703193521 392981964 392982248 5253584422 392982247 5253576819 392989900 392989901 392989945 1468011005 392989944 392989943 392989942 392982342 5418701123 1690100910 392989947 1468010990 392989946 392982213 1468010996 392982221 392989906 392982157 1468010997 1469154430 392987544 392981618 4615119993 2503999371 2459057216 4615119995 2459057215 392981617 4791575499 1468343490 2583227276 392981598 392987246 2459073183 1295341849 2459063078 2412830774 3130902686 370940453 2476358352 2458035184 4304550633 2458035171 392987247 3862262307 4337621787 1468343494 392987242 4337621782 392987482 392981598 370940453 1468343495 3130902688 2709084889 442801989 4304550642 3130902659 365583839 2930480016 1082312034 392987226 1741631700 442407545 1295341817 2353316392 3149649384 392987887 1295341765 1831896433 370951861 1295341840 1829688598 406438123 1191289113 1829688611 1295341844 365583842 1468343408 2452432622 2430814948 2430814946 3271068949 2452436670 392986233 2907095373 2392746866 1744450398 1744450394 392986229 1082225369 1836327687 2908428134 392986235 1836327660 1744450270 1744597104 1744597031 1744597015 4034450716 392987700 392986421 1468343424 2916307140 3135042386 430568173 2098210690 1766695077 3833789777 1406160466 1468343462 370927524 2098210710 392986429 2925765907 610860365 2616584979 392986403 5444574028 1406172312 1088070375 392986545 2317998841 2317998902 3554932260 1406172346 2317998921 2107960407 418089599 2107960468 536573286 418089607 418089608 536573298 2107962146 418089609 2107960415 418089610 2463233769 392986558 418089432 536573277 536573261 1406172386 1406172351 1468343491 2619050993 2655422689 1468343441 2655422728 2655422691 1468343456 2655422704 4268767800 2655422693 2655422695 4877619149 1468343412 1468343412 2655422696 2655422698 2616585804 2655422699 2655422701 2655422702 392980697 2655422732 2887010792 2655422687 392986525 2655422681 2619050988 2619050993 392980696 392980697 392980691 5411659671 392987643 392980693 392980706 1468343428 392980707 5411659672 392980708 392980709 1784397258 392980560 392980703 392980704 392980705 392980934 392980933 546920545 1468343453 2395838285 1468343453 546920539 2395912438 2395912433 2882880474 4274293396 392980927 392980926 370948612 1954309142 392980564 392980557 4034488071 1468343478 420881615 4034488069 2905210878 1550727174 1725578439 392982447 392983143 392982445 1468413571 1549420886 1744730547 392982440 392983162 606360360 392982449 2545753131 2545753143 2545753155 2545753142 2545753130 392982892 2545753145 2545753124 2545753147 2545753144 2545753150 392982378 2545753162 2545753140 392982375 2545753151 2545753138 2545753132 529850296 2545753139 2545753157 392982373 1468413570 392982889 606360348 1156080558 392982978 404615551 607953878 606360333 1752850242 4034488063 1707278096 1156080556 4034488057 1752850199 392982981 1752850142 1752850135 392982985 1752850051 1752850033 1752849987 1752849979 4034488056 1156080559 4034488052 430832365 5444573730 1468413577 5444573731 392984709 5444573733 1468413580 
26
1468010988 1468010994 1468011001 1468010987 1468011005 1468010996 1468010997 1468343490 1468343494 1468343495 1082312034 1191289113 1468343408 1082225369 1468343424 1468343462 1468343491 1468343441 1468343456 1468343412 1468343453 1468343478 1468413571 1156080558 1156080556 1156080559 
295
392984413 5444573735 1468413579 5444573734 392984708 5444573732 1468413580 1752849926 392984609 1752849943 1156080545 4034488054 404616674 1752850057 1686053181 1752850140 1686053182 1752850180 1686053184 1707278083 606360334 4034488065 1156080550 606360332 4034488068 404615579 404545651 606360347 404561219 1468413583 392982378 2545753162 2545753140 392982375 2545753151 2545753138 2545753132 529850296 2545753139 2545753157 392982373 2545753135 392982448 1744730383 1468343459 392982381 392982363 1744730542 1744730562 1549420893 392982360 392983029 1468343427 1468343427 1550727181 392980609 392980939 1954309139 1784374329 392980662 4034488072 1468343493 370948606 4034488074 1784374382 2395912437 2395912445 1784374501 2395838286 1784374315 1784374585 392980912 392980694 1468343479 392980695 2655422725 1468343468 392980696 2655422723 2655422722 2655422721 2655422726 2882884300 2882885607 4877619151 4877619148 1468343450 1468343450 4268767799 392987922 2655422716 1194008947 2655422715 2655422730 2655422705 2655422733 2142350996 2887010791 392986513 1468343496 2655422710 2655422707 392987789 392986521 2619050987 2619050992 1335828051 1406172350 1406172361 536573264 536573246 418089437 418089433 418089599 2107960407 2317998919 2317998918 2317998917 3263663864 2896819451 2317998881 2317998841 392986545 392986425 1406172289 392986407 418090012 1088070374 5444574027 1406172309 5444574026 392986403 2616584979 610860365 2925765907 392986429 2098210710 370927524 1406160466 1468343465 3833789777 1766695077 2098210690 430568173 3135042386 2916307140 392986421 392987700 4034450716 1744597015 1744597031 1468343488 1744597104 1744450270 1836327660 392986235 2908428134 1836327687 392986229 1744450394 1744450398 2392746866 2907095373 392986233 2452436670 3271068949 1082225372 2430814946 2430814948 2452432622 365583842 2452432620 2470177129 2506189120 3757940012 2506189116 4268732157 406607175 3757939899 392986232 3130903069 3546131625 3274933789 2371482277 1191289112 1295341844 1829688611 406438123 1829688598 1295341840 370951861 1831896433 1295341765 392987887 3149649384 2353316392 1295341817 442407545 1741631700 1082312025 392987226 2930480016 365583839 3130902659 4304550642 442801989 2709084889 3130902688 370940453 3130902686 2412830774 2459063078 1468343477 1295341849 2459073183 392987246 2476358352 2458035184 4304550633 1468343445 2458035171 392987247 3862262307 4337621787 392987242 4337621782 392987482 392981598 1696346474 1468343429 392982197 392981596 392981597 392981594 392981595 2476352673 1226707688 1226707682 392989897 1468343480 2441243108 4842666230 392989907 392989906 392982221 1468010985 392982213 392989946 1468010990 392989947 1690100910 5418701123 392982342 392989942 392989943 392989944 392989945 1468010999 392989901 392989900 5253576819 392982247 5253584422 392982248 392981964 1703193521 392981955 1468011002 392982010 392981998 392982256 1468010995 392984036 5253565213 392984030 614308235 392983904 1686023266 1468010981 1729209757 392983865 392983868 392983746 392983916 392984895 1692346973 1692346951 1729209692 1468010982 392983910 392986155 392986144 392986145 1468010988 1468413584 
26
1156080545 1156080550 1468343459 1468343427 1468343493 1468343450 1194008947 1468343496 1335828051 1406172289 1468343465 1468343488 1082225372 1191289112 1082312025 1468343477 1468343445 1468343429 1468343480 1468010985 1468010999 1468011002 1468010995 1468010981 1468010982 1468010988 
273
1468607700 1250790091 1300954647 1471872495 1471872492 1471872500 406518210 1371537140 1313780577 1371537092 1300954653 2322959243 392978247 2322958899 392978271 392978362 1283777404 1300954720 392978358 392978267 392990067 392990066 392989871 1746665133 392990071 392979318 392978254 1250790058 392989892 392979095 3088881801 3271010277 3271010279 392978216 536798258 536798259 536798257 2141582975 536798287 536798045 3061481233 1468607718 536808404 536811513 2917020036 1468607707 536808406 5541230459 536808413 1418921358 1418921354 536818462 2142376860 1418921343 1418921337 1418921328 1418921327 1418921326 1418901184 1418901183 536808408 1418901178 1735983105 536808409 1737496239 1737496230 1737426963 1737496227 1737426908 1737496220 1737496201 1454855245 536808544 536798194 1736446066 2916881055 1468707742 521560572 392979645 1737496070 430569546 1743494560 1743494540 430569651 1737426705 392980038 1743494490 430569815 1187612461 1468607725 1743494421 392979649 1187612459 3049124189 1248485296 1248485305 1744195379 1744195363 392979996 392979651 1744450692 428750868 1720077331 1744450681 3271068950 2857455936 2938709848 392986233 2907095373 2392746866 1744450398 1744450394 392986229 1082225369 1836327687 2908428134 392986235 1836327660 1744450270 1744597104 1744597031 1744597015 4034450716 392987700 392986421 1468343424 2916307140 3135042386 430568173 2098210690 1766695077 3833789777 1406160466 1468343462 370927524 2098210710 392986429 2925765907 610860365 2616584979 392986403 5444574028 1406172312 1088070375 392986545 392986425 1406172289 392986407 418090012 2939069435 1406758072 1482527595 1406758066 1773521514 3135041880 450950369 3135041877 1406758040 609607074 5107258479 2938709804 392987852 2317888612 2317888608 2317888597 2317888595 2317888593 392980970 609607105 392980978 392980979 392980977 2389468719 2389468573 392981017 609607035 392981051 1407050932 1921512353 1921512348 392981016 392981025 2389467343 1921512342 1730696636 392981013 1191291287 392981013 392981015 1407050838 536556630 392981743 2350914061 607989841 3149649379 392982393 607989839 2351183078 609556999 392982654 2333293798 607989831 392983534 607989830 2327099561 531495010 2327099561 392983519 1407050734 392983482 606605773 606605739 1407050686 1407050683 606605760 609556985 2329626131 392985240 606605778 392984453 607411202 607411218 392985249 2327099633 1147269722 2327099633 607411223 392985247 2329626123 2329626133 392985246 606605903 606766634 392983425 2324328673 2314320074 392983436 2314320079 2324328709 1468607730 2324328709 606694324 606489624 392983394 1468607715 1665724511 606694446 1665724583 2324328628 2324328628 1257075157 609503136 3271059236 609480294 606694451 2323095201 606766699 392983371 1471923937 606944806 2323095177 1468607735 2323095177 606944808 607973562 607973561 392982771 1468607743 1468607728 1468607711 607973559 1468607701 1468607710 
25
1250790091 1300954720 1250790058 1468607718 1468607707 1418901178 1454855245 1468607725 1082225369 1468343424 1468343462 1406172289 1406758040 392981013 1191291287 2327099561 531495010 2327099633 1147269722 2324328709 1468607730 2324328628 1257075157 2323095177 1468607735 
269
1468607710 1468607710 607973556 607973557 606944809 609503161 606944805 392983371 606766699 2323095201 2323095201 1468607746 606694451 609480294 3271059236 609503136 2324328628 1665724583 606694446 1665724511 1468607715 1257075154 1468607715 392983394 606489624 606694324 2324328709 2314320079 392983436 2314320074 606766634 606605903 392985246 2329626133 2329626123 392983425 2324328673 2324328673 1468607688 2314320074 2329626123 392985247 1163035476 392985247 607411223 392985249 607411220 607411204 2329626160 1407050709 392983464 2327099602 531494974 2327099602 392983463 606605768 2329626213 1407050732 392983481 607989829 2327099587 2327099587 1163035488 607989837 392982401 609556994 609557000 2351183081 607989839 3149649379 607989841 392982393 607989839 607989841 2351185439 3379680194 610276851 536554308 392981712 1730696519 392981708 1921512343 392981025 392981016 1921512351 2389467326 2389467326 595635916 1921512354 609607027 609607042 2389468608 2389468747 392980977 392980979 392980978 609607105 392980970 2317888594 392987200 2401366702 2401366737 392987197 2401366761 392987182 609673507 2317888614 392987852 2938709804 5107258479 1406757943 609607074 3135041877 450950369 3135041880 1773521514 1406758066 1482527595 1406758072 2939069435 418090012 1088070374 393007400 5444574027 1406172309 5444574026 392986403 2616584979 610860365 2925765907 392986429 2098210710 370927524 1406160466 1468343465 3833789777 1766695077 2098210690 430568173 3135042386 2916307140 392986421 392987700 4034450716 1744597015 1744597031 1468343488 1744597104 1744450270 1836327660 392986235 2908428134 1836327687 392986229 1744450394 1744450398 2392746866 2907095373 392986233 2938709848 2857455936 3271068950 1744450681 370951824 1720077331 428750868 1744450692 392979651 392979996 1744195363 1744195379 1248485305 1248485296 3049124189 1187612459 392979649 1743494421 1187612461 430569815 1468607729 1743494490 392980038 1737426705 430569651 1743494540 1743494560 430569546 1737496070 392979645 536798251 392979644 2371482289 430569539 1736000598 392979642 1737496222 1737496224 536808545 1468607717 392979668 1737426982 536808418 536808416 1735983125 1418921325 1418922693 1418901185 1418901189 1418921339 1418921352 536808410 1418921363 536808414 536808415 536808412 536808407 1468607727 2917020037 536808405 1468607698 3061481237 536798288 536798283 1418901205 536798273 536798261 536798260 536798252 1418907320 1418907318 392978216 3271010279 3271010277 3088881801 392979095 392989892 1250790087 392978254 392979318 392990071 1746665133 392989871 392990066 392990067 392978267 392978358 1283777404 1468607702 392978362 392978271 2322958899 392978247 2322959243 1300954653 1371537092 1313780577 1371537140 406518210 1468607733 1468607745 1371537193 1468607713 1468607742 1468607694 1468607744 1468607699 1371537145 1250790091 1468607700 
29
1468607710 607973556 2323095201 1468607746 1468607715 1257075154 2324328673 1468607688 392985247 1163035476 2327099602 531494974 2327099587 1163035488 2389467326 595635916 1406757943 393007400 1468343465 1468343488 370951824 1468607729 1468607717 1418901189 1468607727 1468607698 1250790087 1468607702 1250790091 
204
1293786741 1469154406 1469154408 1293786812 1469154375 1293786722 1469154418 1293786767 1293786685 1293786849 1293786666 1293786828 1469154404 1900216138 1469154393 392978859 392978855 392978874 392978869 392978868 392978871 392978865 392978987 392978986 392978984 1379643964 1293906450 1293906599 5407909208 392978982 1379643925 1239938044 1469154379 392979071 392978994 1353396906 1353396899 1352827092 1239937883 1239938002 1352827097 392978989 1239909205 1900216050 1900216047 1379643897 611278626 1736578636 406438130 253541 1401766304 3448253501 1379644093 3448238396 392979782 2333008501 392979783 1401766298 392979737 470948051 392979742 1820299961 392989880 1291817574 1291817510 2917020058 1783877310 392979702 1783877301 1783877275 1291817447 1291817396 1291817473 1291817592 1783877219 1291817388 392979971 1291817469 1783877172 1291817384 1783877095 1291817440 1291817417 2459058947 1783694604 1783694599 1783694569 2823762643 392979776 1383927432 392979777 1383927424 1783547537 1783547428 392979769 1783547339 1783547299 1383927283 1783547256 1383927320 392986275 1783547195 416622154 1783547168 416622394 1745321891 1248462667 1745321886 392986266 614004465 1781833814 392986448 1744597018 1248462612 2881612525 392986411 3227796442 1766695217 2938709830 430568173 2098210706 1766695075 1469154389 1773521697 3135041927 430568171 3135041919 1694910655 3163376335 3163376333 1469154392 3227796277 392987863 3227796271 392987866 1740301792 1740301775 1740301724 392987864 392987509 1559017078 1711812065 392987513 392981693 1711812055 1307784749 1711812046 1711812023 2957627874 392981151 1558035949 2504047025 442407546 3160668220 2504018792 1191290786 3160668219 365583834 365583839 1469154425 3130902659 4304550642 442801989 2709084889 3130902688 370940453 3130902686 2412830774 2459063078 1468343477 1295341849 2459073183 392987246 2476358352 2458035184 4304550633 1468343445 2458035171 392987247 3862262307 4337621787 392987242 4337621782 392987482 392981598 1696346474 1468343429 392982197 392981596 392981597 392981594 392981595 2476352673 1226707688 1226707682 392989897 1468343480 2441243108 4842666230 392989907 392989906 392982157 1468010997 1469154430 
19
1469154406 1469154404 1293906599 1469154379 1352827097 1379644093 1291817447 1291817440 1383927283 1469154389 1469154392 1307784749 1191290786 1469154425 1468343477 1468343445 1468343429 1468343480 1468010997 
192
1469154430 1468010997 392987544 392981618 4615119993 2503999371 2459057216 4615119995 2459057215 392981617 4791575499 1468343490 2583227276 392981598 392987246 2459073183 1295341849 2459063078 2412830774 3130902686 370940453 2476358352 2458035184 4304550633 2458035171 392987247 3862262307 4337621787 1468343494 392987242 4337621782 392987482 392981598 370940453 1468343495 3130902688 2709084889 442801989 4304550642 3130902659 365583839 3130902656 2930480014 2450648407 1191289114 392987264 2414333210 2414333209 1701503118 1701503115 1334579436 392987236 3160668216 1191289115 365583834 392981151 2957627874 1711812023 1711812046 1711812055 1469154394 392981693 392987513 1711812065 1559017078 392987509 392987864 1740301724 1740301775 1740301792 392987866 3227796271 1469154416 392987863 3227796277 3163376333 3163376335 1694910655 3135041919 430568171 3135041927 1469154415 1773521697 1766695075 2098210706 430568173 2938709830 1766695217 3227796442 392986411 1469154420 2881612525 1248462612 1744597018 392986448 614004465 392986266 1745321886 1248462667 1745321891 416622394 1783547168 416622154 1783547195 392986275 1383927320 1783547256 1783547299 1783547339 392979769 1783547428 1783547537 1383927285 1383927424 392979777 1383927432 392979776 2823762643 1783694569 1783694599 1783694604 2459058947 1291817417 1783877095 1291817384 1291817554 1783877172 1291817469 392979971 1291817388 1783877219 1291817592 1291817473 1291817396 1783877275 1783877301 392979702 1783877310 2917020058 1291817510 1291817572 1291817574 392989880 1820299961 392979742 470948051 392979737 1401766298 392979783 2333008501 392979782 3448238396 3448253501 1401766304 253541 472260560 1379644089 3448253694 611278609 611278623 1239898014 1379643920 611278592 1239909213 610295280 1239937986 1353396893 1352827098 1900216057 1353396898 1353396914 253545 1353396960 253546 1353396880 1379643929 253548 1469154403 1293906385 1379643973 253549 253550 392978876 392978855 392978859 1469154393 1900216138 1293786828 1293786666 1293786849 1469154406 1293786741 
18
1468010997 1468343490 1468343494 1468343495 1191289114 1191289115 1469154394 1469154416 1469154415 1469154420 1383927285 1291817554 1291817572 1379644089 1352827098 1353396880 1469154403 1469154406 
204
1468607710 1468607710 607973556 607973557 606944809 609503161 606944805 392983371 606766699 2323095201 2323095201 1468607746 606694451 609480294 3271059236 609503136 2324328628 1665724583 606694446 1665724511 1468607715 1257075154 1468607715 392983394 606489624 606694324 2324328709 2314320079 392983436 2314320074 606766634 606605903 392985246 2329626133 2329626123 392983425 2324328673 2324328673 1468607688 2314320074 2329626123 392985247 1163035476 392985247 607411223 392985249 607411220 607411204 2329626160 1407050709 392983464 2327099602 531494974 2327099602 392983463 606605768 2329626213 1407050732 392983481 607989829 2327099587 2327099587 1163035488 607989837 392982401 609556994 609557000 2351183081 607989839 3149649379 607989841 392982393 607989839 607989841 2351185439 3379680194 610276851 536554308 392981712 1730696519 392981708 1407050891 529279063 2389467288 595635908 2389467288 2389467307 392981168 392981152 1711811970 1711811984 1402013409 1191290790 1711812001 2957627873 392981151 1558035949 2504047025 442407546 3160668220 2504018792 1191290786 3160668219 365583834 365583839 1469154425 3130902659 4304550642 442801989 2709084889 3130902688 370940453 3130902697 5232537202 1469470284 1741631869 1741631912 1741631916 1290794916 392989919 392989918 1295341776 529925466 529925465 1686987223 392989920 392989909 392989908 392989911 442405644 1469470254 392987746 1829688609 1829688607 1829688605 5303668476 406438123 1191289113 1829688611 1295341844 365583842 1468343408 2452432622 2430814948 2430814946 3271068949 2452436670 392986233 2938709848 2857455936 3271068950 1744450681 370951824 1720077331 428750868 1744450692 392979651 392979996 1744195363 1744195379 1248485305 1248485296 3049124189 1187612459 392979649 1743494421 1187612461 430569815 1468607729 1743494490 392980038 1737426705 430569651 1743494540 1743494560 430569546 1737496070 392979645 536798251 392979644 2371482289 430569539 521560541 1736000580 536798198 536798194 1736446066 521560559 521560553 1736000557 1462977565 392979697 1737426765 1737426759 1736446054 1458601317 2916789248 2916789247 1737495984 2476356988 1743494481 1743494452 1191289123 1743494439 
26
1468607710 607973556 2323095201 1468607746 1468607715 1257075154 2324328673 1468607688 392985247 1163035476 2327099602 531494974 2327099587 1163035488 2389467288 595635908 1191290790 1191290786 1469154425 1469470284 1469470254 1191289113 1468343408 370951824 1468607729 1191289123 
204
1743494439 1191289123 1743494452 1743494481 2476356988 1737495984 2916789247 2916789248 1458601317 1736446054 1737426759 1737426765 392979697 521560576 521560574 392979692 521560572 392979645 1737496070 430569546 1743494560 1743494540 430569651 1737426705 392980038 1743494490 430569815 1187612461 1468607725 1743494421 392979649 1187612459 3049124189 1248485296 1248485305 1744195379 1744195363 392979996 392979651 1744450692 428750868 1720077331 1744450681 3271068950 2857455936 2938709848 392986233 2452436670 3271068949 1082225372 2430814946 2430814948 2452432622 365583842 2452432620 2470177129 2506189120 3757940012 2506189116 4268732157 406607175 3757939899 392986232 3130903069 3546131625 3274933789 2371482277 1191289112 1295341844 1829688611 406438123 1829688598 1295341840 370951861 1831896433 1295341765 392987887 3149649384 2353316392 1295341817 442407545 1741631700 1082312025 392987226 2930480016 365583839 3130902656 2930480014 2450648407 392987264 2414333210 2414333209 1701503118 1701503115 1334579436 392987236 3160668216 1191289115 365583834 392981151 2957627873 1711812001 1191290788 1402013409 1711811984 1711811970 392981152 392981168 2389467307 1191291286 2389467307 2389467288 529279063 1407050893 392981025 2389467343 1921512342 1730696636 392981013 392981015 1407050838 536556630 392981743 2350914061 607989841 3149649379 392982393 607989839 2351183078 609556999 392982654 2333293798 607989831 392983534 607989830 2327099561 531495010 2327099561 392983519 1407050734 392983482 606605773 606605739 1407050686 1407050683 606605760 609556985 2329626131 392985240 606605778 392984453 607411202 607411218 392985249 2327099633 1147269722 2327099633 607411223 392985247 2329626123 2329626133 392985246 606605903 606766634 392983425 2324328673 2314320074 392983436 2314320079 2324328709 1468607730 2324328709 606694324 606489624 392983394 1468607715 1665724511 606694446 1665724583 2324328628 2324328628 1257075157 609503136 3271059236 609480294 606694451 2323095201 606766699 392983371 1471923937 606944806 2323095177 1468607735 2323095177 606944808 607973562 607973561 392982771 1468607743 1468607728 1468607711 607973559 1468607701 1468607710 
19
1191289123 1468607725 1082225372 1191289112 1082312025 1191289115 1191290788 2389467307 1191291286 2327099561 531495010 2327099633 1147269722 2324328709 1468607730 2324328628 1257075157 2323095177 1468607735 
207
1468607710 1468607710 607973556 607973557 606944809 609503161 606944805 392983371 606766699 2323095201 2323095201 1468607746 606694451 609480294 3271059236 609503136 2324328628 1665724583 606694446 1665724511 1468607715 1257075154 1468607715 392983394 606489624 606694324 2324328709 2314320079 392983436 2314320074 606766634 606605903 392985246 2329626133 2329626123 392983425 2324328673 2324328673 1468607688 2314320074 2329626123 392985247 1163035476 392985247 607411223 392985249 607411220 607411204 2329626160 1407050709 392983464 2327099602 531494974 2327099602 392983463 606605768 2329626213 1407050732 392983481 607989829 2327099587 2327099587 1163035488 607989837 392982401 609556994 609557000 2351183081 607989839 3149649379 607989841 392982393 607989839 607989841 2351185439 3379680194 610276851 536554308 392981712 1730696519 392981708 1921512343 392981025 392981016 1921512351 2389467326 2389467326 595635916 1921512354 609607027 609607042 2389468608 2389468747 392980977 392980979 392980978 609607105 392980970 2317888594 392987200 2401366702 2401366737 392987197 2401366761 392987182 609673507 2317888614 392987852 2938709804 5107258479 1406757943 609607074 3135041877 450950369 3135041880 1773521514 1406758066 1482527595 1406758072 2939069435 418090012 1088070374 393007400 5444574027 1406172309 5444574026 392986403 2616584979 610860365 2925765907 392986429 2098210710 370927524 1406160466 3833789777 1766695077 2098210690 430568173 2938709830 1766695217 3227796442 392986411 1469154420 2881612525 1248462612 1744597018 392986448 614004465 392986266 1745321886 1248462667 1745321891 416622394 1783547168 416622154 1783547195 392986275 1383927320 1783547256 1783547299 1783547339 392979769 1783547428 1783547537 1383927285 1383927424 392979777 1383927432 392979776 2823762643 1783694569 1783694599 1783694604 2459058947 1291817417 1783877095 1291817384 1291817554 1783877172 1291817469 392979971 1291817388 1783877219 1291817592 1291817473 1291817396 1783877275 1783877301 392979702 1783877310 2917020058 1291817510 1291817572 1291817574 392989880 1820299961 392979742 470948051 1401766288 2694096391 1905496353 2694096384 2670322509 1825107365 610993923 1252607865 1471211293 
23
1468607710 607973556 2323095201 1468607746 1468607715 1257075154 2324328673 1468607688 392985247 1163035476 2327099602 531494974 2327099587 1163035488 2389467326 595635916 1406757943 393007400 1469154420 1383927285 1291817554 1291817572 1252607865 
214
1471211293 1252607865 610993925 1471211297 1471211303 392989879 2463225150 2924361354 1905496328 2762130622 1905496345 1905496364 392989880 1291817574 1291817510 2917020058 1783877310 392979702 1783877301 1783877275 1291817447 1291817396 1291817473 1291817592 1783877219 1291817388 392979971 1291817469 1783877172 1291817384 1783877095 1291817440 1291817417 2459058947 1783694604 1783694599 1783694569 2823762643 392979776 1383927432 392979777 1383927424 1783547537 1783547428 392979769 1783547339 1783547299 1383927283 1783547256 1383927320 392986275 1783547195 416622154 1783547168 416622394 1745321891 1248462667 1745321886 392986266 614004465 1781833814 392986448 1744597018 1248462612 2881612525 392986411 3227796442 1766695217 2938709830 430568173 2098210690 1766695077 3833789777 1406160466 1468343462 370927524 2098210710 392986429 2925765907 610860365 2616584979 392986403 5444574028 1406172312 1088070375 392986545 392986425 1406172289 392986407 418090012 2939069435 1406758072 1482527595 1406758066 1773521514 3135041880 450950369 3135041877 1406758040 609607074 5107258479 2938709804 392987852 2317888612 2317888608 2317888597 2317888595 2317888593 392980970 609607105 392980978 392980979 392980977 2389468719 2389468573 392981017 609607035 392981051 1407050932 1921512353 1921512348 392981016 392981025 2389467343 1921512342 1730696636 392981013 1191291287 392981013 392981015 1407050838 536556630 392981743 2350914061 607989841 3149649379 392982393 607989839 2351183078 609556999 392982654 2333293798 607989831 392983534 607989830 2327099561 531495010 2327099561 392983519 1407050734 392983482 606605773 606605739 1407050686 1407050683 606605760 609556985 2329626131 392985240 606605778 392984453 607411202 607411218 392985249 2327099633 1147269722 2327099633 607411223 392985247 2329626123 2329626133 392985246 606605903 606766634 392983425 2324328673 2314320074 392983436 2314320079 2324328709 1468607730 2324328709 606694324 606489624 392983394 1468607715 1665724511 606694446 1665724583 2324328628 2324328628 1257075157 609503136 3271059236 609480294 606694451 2323095201 606766699 392983371 1471923937 606944806 2323095177 1468607735 2323095177 606944808 607973562 607973561 392982771 1468607743 1468607728 1468607711 607973559 1468607701 1468607710 
19
1252607865 1291817447 1291817440 1383927283 1468343462 1406172289 1406758040 392981013 1191291287 2327099561 531495010 2327099633 1147269722 2324328709 1468607730 2324328628 1257075157 2323095177 1468607735 
259
1471211293 1252607865 610993925 1471211297 1471211303 392989879 2463225150 2924361354 1905496328 2762130622 1905496345 1905496364 392989880 1291817574 1291817510 2917020058 1783877310 392979702 1783877301 1783877275 1291817447 1291817396 1291817473 1291817592 1783877219 1291817388 392979971 1291817469 1783877172 1291817384 1783877095 1291817440 1291817417 1418901142 1291918127 1783694688 406497601 1418901148 2412898935 2422476256 392979812 392979711 1735982979 1291917962 1472007709 1735729791 1735982999 1418901156 430569513 430569512 1418901159 1736321590 1736321703 1736321766 430569514 1735983096 392979543 393976416 1418901179 1418901178 536808408 1735983105 536808409 1737496239 1737496230 1737426963 1737496227 1737426908 1737496220 1737496201 1454855245 536808544 536798194 1736446066 2916881055 1468707742 521560572 392979645 1737496070 430569546 1743494560 1743494540 430569651 1737426705 392980038 1743494490 430569815 1187612461 1468607725 1743494421 392979649 1187612459 3049124189 1248485296 1248485305 1744195379 1744195363 392979996 392979651 1744450692 428750868 1720077331 1744450681 3271068950 2857455936 2938709848 392986233 2452436670 3271068949 1082225372 2430814946 2430814948 2452432622 365583842 2452432620 2470177129 2506189120 3757940012 2506189116 4268732157 406607175 3757939899 392986232 3130903069 3546131625 3274933789 2371482277 1191289112 1295341844 1829688611 406438123 1829688598 1295341840 370951861 1831896433 1295341765 392987887 3149649384 2353316392 1295341817 442407545 1741631700 1082312025 392987226 2930480016 365583839 3130902656 2930480014 2450648407 392987264 2414333210 2414333209 1701503118 1701503115 1334579436 392987236 3160668216 365583834 3160668217 392987461 1472007671 392981879 1694910621 392981854 2467384782 3060758269 2817609898 1472007700 392981840 2279368641 2536001611 3060721749 392981679 1472007657 392981676 1472007666 392981677 392981862 1472007654 1290794898 392981866 1290794895 1091129414 392981915 1472007684 1290794918 392981912 392981903 1472007686 392981904 1472007669 392981901 392981902 392981907 609034816 1472007692 1472007685 392981908 609034867 392981905 1472007649 392981906 1472007722 392981896 392981897 392981894 392981895 392981900 608572629 392984227 609034833 392984223 392984090 1710267623 392984221 1710267591 1472007688 1710267572 1710267549 392984901 1710267537 1710267531 609006472 392983781 1701227687 614579100 609006473 392983758 1472007717 1701227802 1708966035 1701227820 1414948289 432528587 1687343280 392983795 1701227880 392983814 1701181112 392983815 1701181029 1701181019 1701181002 1701180927 1701180922 392984894 1472007662 1701180860 2678613562 392983812 392983828 1472007638 392983829 392983819 392983820 1472007703 392983817 392983818 1472007675 
18
1252607865 1291817447 1291817440 1472007709 1418901178 1454855245 1468607725 1082225372 1191289112 1082312025 1472007671 1472007700 1472007684 1472007692 1472007688 1472007717 1472007662 1472007703 
199
1472007675 392983823 392983824 1472007651 392983821 392983822 392983828 2678597784 392983812 2678613562 1701180860 392984894 1701180922 1701180927 1701181002 1701181019 1701181029 392983815 1701181112 392983814 1701227880 392983795 1687343280 432528587 1414948289 1701227820 1708966035 1701227802 392983758 1472007676 609006473 614579100 1701227687 392983781 609006472 1710267531 1710267537 392984901 1710267549 1710267572 1710267591 392984221 1472007714 1710267623 392984090 392984223 609034829 608572632 392984225 392981911 392981920 1472007729 392981921 1472007643 392981922 392982744 609034880 609034878 1472007641 392981916 609034819 1472007712 609034827 392981917 1472007720 392981918 1472007706 392981987 392981986 609034807 1290794876 1472007674 608572555 1091129414 1290794895 392981866 1290794898 1472007654 392981862 392981677 1472007666 392981676 1472007657 392981679 3060721749 2536001611 2279368641 392981840 1472007726 2817609898 3060758269 2467384782 392981854 1694910621 392981879 392987461 3160668217 1191289115 365583834 392981151 2957627874 1711812023 1711812046 1711812055 1469154394 392981693 392987513 1711812065 1559017078 392987509 392987864 1740301724 1740301775 1740301792 392987866 3227796271 1469154416 392987863 3227796277 3163376333 3163376335 1694910655 3135041919 430568171 3135041927 1469154415 1773521697 1766695075 2098210706 430568173 2938709830 1766695217 3227796442 392986411 1469154420 2881612525 1248462612 1744597018 392986448 614004465 392986266 1745321886 1248462667 1745321891 416622394 1783547168 416622154 1783547195 392986275 1383927320 1783547256 1783547299 1783547339 392979769 1783547428 1783547537 1383927285 1383927424 392979777 1383927432 392979776 2823762643 1783694569 1783694599 1783694604 2459058947 1291817417 1783877095 1291817384 1291817554 1783877172 1291817469 392979971 1291817388 1783877219 1291817592 1291817473 1291817396 1783877275 1783877301 392979702 1783877310 2917020058 1291817510 1291817572 1291817574 392989880 1820299961 392979742 470948051 1401766288 2694096391 1905496353 2694096384 2670322509 1825107365 610993923 1252607865 1471211293 
15
1472007651 1472007676 1472007714 1472007712 1472007674 1472007726 1191289115 1469154394 1469154416 1469154415 1469154420 1383927285 1291817554 1291817572 1252607865 
249
392984413 5444573735 1468413579 5444573734 392984708 5444573732 1468413580 1752849926 392984609 1752849943 1156080545 4034488054 404616674 1752850057 1686053181 1752850140 1686053182 1752850180 1686053184 1707278083 606360334 4034488065 1156080550 606360332 4034488068 404615579 404545651 606360347 404561219 1468413583 392982378 2545753162 2545753140 392982375 2545753151 2545753138 2545753132 529850296 2545753139 2545753157 392982373 2545753135 392982448 1744730383 1468343459 392982381 392982363 1744730542 1744730562 1549420893 392982360 392983029 1468343427 1468343427 1550727181 392980609 392980939 1954309139 1784374329 392980662 4034488072 1468343493 370948606 4034488074 1784374382 2395912437 2395912445 1784374501 2395838286 1784374315 1784374585 392980912 392980694 1468343479 392980695 2655422725 1468343468 392980696 2655422723 2655422722 2655422721 2655422726 2882884300 2882885607 4877619151 4877619148 1468343450 1468343450 4268767799 392987922 2655422716 1194008947 2655422715 2655422730 2655422705 2655422733 2142350996 2887010791 392986513 1468343496 2655422710 2655422707 392987789 392986521 2619050987 2619050992 1335828051 1406172350 1406172361 536573264 536573246 418089437 418089433 418089599 2107960407 2317998919 2317998918 2317998917 3263663864 2896819451 2317998881 2317998841 392986545 392986425 1406172289 392986407 418090012 1088070374 5444574027 1406172309 5444574026 392986403 2616584979 610860365 2925765907 392986429 2098210710 370927524 1406160466 3833789777 1766695077 2098210690 430568173 2938709830 1766695217 3227796442 392986411 1469154420 2881612525 1248462612 1744597018 392986448 614004465 392986266 1745321886 1248462667 1745321891 416622394 1783547168 416622154 1783547195 392986275 1383927320 1783547256 1783547299 1783547339 392979769 1783547428 1783547537 1383927285 1383927424 392979777 1383927432 392979776 2823762643 1783694569 1783694599 1783694604 2459058947 1291817417 1783877095 1291817384 1291817554 1783877172 1291817469 392979971 1291817388 1783877219 1291817592 1291817473 1291817396 1783877275 1783877301 392979702 1783877310 2917020058 1291817510 1291817572 1291817574 392989880 1820299961 392979742 470948051 392979737 1401766298 392979783 2333008501 392979782 3448238396 3448253501 1401766304 253541 472260560 1379644089 3448253694 611278609 611278623 1239898014 1379643920 611278592 1239909213 610295280 1239937986 1353396893 1352827098 1900216057 1353396898 1353396914 253545 1353396960 253546 1353396880 1379643929 253548 1469154403 1293906385 1379643973 253549 253550 392978876 392978855 392978859 1469154393 1900216138 1293786828 1293786666 1293786849 1469154406 1293786741 
19
1156080545 1156080550 1468343459 1468343427 1468343493 1468343450 1194008947 1468343496 1335828051 1406172289 1469154420 1383927285 1291817554 1291817572 1379644089 1352827098 1353396880 1469154403 1469154406 
292
1293786741 1469154406 1469154408 1293786812 1469154375 1293786722 1469154418 1293786767 1293786685 1293786849 1293786666 1293786828 1469154404 1900216138 1469154393 392978859 392978855 392978874 392978869 392978868 392978871 392978865 392978987 392978986 392978984 1379643964 1293906450 1293906599 5407909208 392978982 1379643925 1239938044 1469154379 392979071 392978994 1353396906 1353396899 1352827092 1239937883 1239938002 1352827097 392978989 1239909205 1900216050 1900216047 1379643897 611278626 1736578636 406438130 253541 1401766304 3448253501 1379644093 3448238396 392979782 2333008501 392979783 1401766298 392979737 470948051 392979742 1820299961 392989880 1291817574 1291817510 2917020058 1783877310 392979702 1783877301 1783877275 1291817447 1291817396 1291817473 1291817592 1783877219 1291817388 392979971 1291817469 1783877172 1291817384 1783877095 1291817440 1291817417 2459058947 1783694604 1783694599 1783694569 2823762643 392979776 1383927432 392979777 1383927424 1783547537 1783547428 392979769 1783547339 1783547299 1383927283 1783547256 1383927320 392986275 1783547195 416622154 1783547168 416622394 1745321891 1248462667 1745321886 392986266 614004465 1781833814 392986448 1744597018 1248462612 2881612525 392986411 3227796442 1766695217 2938709830 430568173 2098210690 1766695077 3833789777 1406160466 1468343462 370927524 2098210710 392986429 2925765907 610860365 2616584979 392986403 5444574028 1406172312 1088070375 392986545 2317998841 2317998902 3554932260 1406172346 2317998921 2107960407 418089599 2107960468 536573286 418089607 418089608 536573298 2107962146 418089609 2107960415 418089610 2463233769 392986558 418089432 536573277 536573261 1406172386 1406172351 1468343491 2619050993 2655422689 1468343441 2655422728 2655422691 1468343456 2655422704 4268767800 2655422693 2655422695 4877619149 1468343412 1468343412 2655422696 2655422698 2616585804 2655422699 2655422701 2655422702 392980697 2655422732 2887010792 2655422687 392986525 2655422681 2619050988 2619050993 392980696 392980697 392980691 5411659671 392987643 392980693 392980706 1468343428 392980707 5411659672 392980708 392980709 1784397258 392980560 392980703 392980704 392980705 392980934 392980933 546920545 1468343453 2395838285 1468343453 546920539 2395912438 2395912433 2882880474 4274293396 392980927 392980926 370948612 1954309142 392980564 392980557 4034488071 1468343478 420881615 4034488069 2905210878 1550727174 1725578439 392982447 392983143 392982445 1468413571 1549420886 1744730547 392982440 392983162 606360360 392982449 2545753131 2545753143 2545753155 2545753142 2545753130 392982892 2545753145 2545753124 2545753147 2545753144 2545753150 392982378 2545753162 2545753140 392982375 2545753151 2545753138 2545753132 529850296 2545753139 2545753157 392982373 1468413570 392982889 606360348 1156080558 392982978 404615551 607953878 606360333 1752850242 4034488063 1707278096 1156080556 4034488057 1752850199 392982981 1752850142 1752850135 392982985 1752850051 1752850033 1752849987 1752849979 4034488056 1156080559 4034488052 430832365 5444573730 1468413577 5444573731 392984709 5444573733 1468413580 
20
1469154406 1469154404 1293906599 1469154379 1352827097 1379644093 1291817447 1291817440 1383927283 1468343462 1468343491 1468343441 1468343456 1468343412 1468343453 1468343478 1468413571 1156080558 1156080556 1156080559 
150
1468607702* &quot;&quot;
1468607727*. 
1468010982*. 
1468010981*. 
1468010995*
1468010985* &quot;&quot;
1468343465*
1472007674*. 
1472007712*. 
1472007714*. 
1472007676*. 
1472007651*. 
1472007662*. 
1472007717*. 
1472007709*. 
1406757943*  
2389467307* 
1082312034*. 
1468010996* &quot;&quot;
1156080559*. 
1156080556* 
1468413571*
1468343453*/ 
1147269722*. 
1468607698* 
2327099633*. 
1468011001*
531495010*
1418901178*. 
1468607707*. 
1300954720* &quot;&quot;
1468343445*. 
1468607718* 
1082225372*
1379644093* 
1468343424* 
1191291286* 
595635908* 
1291817440*. 
1191289123*. 
2324328709*. 
607973556*. 
1156080545*. 
1252607865* 
1406758040*  &quot;&quot;
370951824* 
1468607715*. 
1468343412*. 
1307784749*. 
1468010987*
1468343408*. 
1191291287*  
2323095201*.  ()
1191289112*. 
1469154403*
1472007700* 
1468607688*. 
1468607729*
392981013*  
1468343427*
1472007726*. 
1472007692*. 
595635916*  
531494974*. 
393007400* 
2327099602*. 
1468607730*. 
1468011005*
1352827098* 
1468343456*. 
1469470254*   
1468010999*
1163035476*. 
1468343477*.
2324328673*. 
1468343488* 
1163035488*
1468011002*
1454855245*. 
1291817554*. 
1250790091*
1468343450*. 
1194008947*. 
1257075154*. 
1082225369* 
1469154425*. 
1472007688*. 
1191289115*  
1469154420* 
1191290790*. 
1468343478*. 
1191289113*. 
2327099561*
1418901189* 
1406172289* , 
2327099587*
1468607717*. 
1468607710*. 
2389467326*  
1468343462*
1383927283* 
1250790058*  
2389467288* 
392985247*. 
1191290786*  65
1468607746*.  ()
2324328628*. 
1257075157*. 
1472007684* 
2323095177*. 
1469154406*
1469154404*. 
1472007703*. 
1293906599*
1468010994*. 
1469154379*
1468343495*.
1156080558*. 
1468607725*
1469470284*. 
1156080550*
1352827097* 
1291817447*. 
1191290788*.  16-
1082312025*. 
1469154389* 
1469154392*. 
1468343429* 
1468010997*
1472007671* 
1468343494*. 
1191289114*. 
1469154416*. 
1468343480*
1469154415*
1383927285* 
1469154394*. 
1291817572*. 
1468010988*. 
1379644089* 
1353396880*
1468343490* 
1468343459* 
1250790087*  
1468343493*. 
1468343496*. 
1335828051*
1468607735*. 
1468343491*
1468343441*. 
