3219
139 115 1 0 2
139 27 1 0 3
139 50 1 0 4
139 68 1 0 5
139 19 1 0 6
139 129 1 0 6
139 142 1 0 7
139 131 1 0 9
139 117 1 0 11
139 18 1 0 12
139 92 1 0 13
139 51 1 0 14
139 85 1 0 15
139 36 1 0 16
139 100 1 0 17
139 149 1 0 18
139 150 1 0 21
139 70 1 0 22
139 48 1 0 22
139 23 1 0 29
139 91 1 0 30
139 22 1 0 30
139 118 1 0 32
139 21 1 0 32
139 20 1 0 33
115 27 1 0 2
115 50 1 0 3
115 68 1 0 3
115 19 1 0 4
115 129 1 0 5
115 142 1 0 6
115 131 1 0 8
115 117 1 0 10
115 18 1 0 11
115 92 1 0 12
115 51 1 0 13
115 85 1 0 14
115 36 1 0 15
115 100 1 0 15
115 149 1 0 17
115 150 1 0 19
115 70 1 0 20
115 48 1 0 21
115 23 1 0 28
115 91 1 0 28
115 22 1 0 29
115 118 1 0 30
115 21 1 0 31
115 20 1 0 32
27 50 1 0 1
27 68 1 0 2
27 19 1 0 3
27 129 1 0 4
27 142 1 0 4
27 131 1 0 7
27 117 1 0 9
27 18 1 0 10
27 92 1 0 11
27 51 1 0 12
27 85 1 0 13
27 36 1 0 13
27 100 1 0 14
27 149 1 0 16
27 150 1 0 18
27 70 1 0 19
27 48 1 0 20
27 23 1 0 26
27 91 1 0 27
27 22 1 0 28
27 118 1 0 29
27 21 1 0 30
27 20 1 0 30
50 68 1 0 1
50 19 1 0 2
50 129 1 0 3
50 142 1 0 4
50 131 1 0 6
50 117 1 0 8
50 18 1 0 9
50 92 1 0 10
50 51 1 0 11
50 85 1 0 12
50 36 1 0 13
50 100 1 0 13
50 149 1 0 15
50 150 1 0 17
50 70 1 0 18
50 48 1 0 19
50 23 1 0 26
50 91 1 0 26
50 22 1 0 27
50 118 1 0 28
50 21 1 0 29
50 20 1 0 30
68 19 1 0 1
68 129 1 0 2
68 142 1 0 3
68 131 1 0 5
68 117 1 0 7
68 18 1 0 8
68 92 1 0 9
68 51 1 0 10
68 85 1 0 11
68 36 1 0 12
68 100 1 0 12
68 149 1 0 14
68 150 1 0 17
68 70 1 0 18
68 48 1 0 18
68 23 1 0 25
68 91 1 0 26
68 22 1 0 26
68 118 1 0 27
68 21 1 0 28
68 20 1 0 29
19 129 1 0 1
19 142 1 0 2
19 131 1 0 4
19 117 1 0 6
19 18 1 0 7
19 92 1 0 8
19 51 1 0 9
19 85 1 0 10
19 36 1 0 11
19 100 1 0 12
19 149 1 0 13
19 150 1 0 16
19 70 1 0 17
19 48 1 0 17
19 23 1 0 24
19 91 1 0 25
19 22 1 0 25
19 118 1 0 27
19 21 1 0 27
19 20 1 0 28
129 142 1 0 1
129 131 1 0 4
129 117 1 0 6
129 18 1 0 6
129 92 1 0 8
129 51 1 0 9
129 85 1 0 9
129 36 1 0 10
129 100 1 0 11
129 149 1 0 13
129 150 1 0 15
129 70 1 0 16
129 48 1 0 17
129 23 1 0 23
129 91 1 0 24
129 22 1 0 25
129 118 1 0 26
129 21 1 0 27
129 20 1 0 27
142 131 1 0 3
142 117 1 0 5
142 18 1 0 6
142 92 1 0 7
142 51 1 0 8
142 85 1 0 9
142 36 1 0 10
142 100 1 0 10
142 149 1 0 12
142 150 1 0 14
142 70 1 0 15
142 48 1 0 16
142 23 1 0 23
142 91 1 0 23
142 22 1 0 24
142 118 1 0 25
142 21 1 0 26
142 20 1 0 26
131 117 1 0 2
131 18 1 0 3
131 92 1 0 4
131 51 1 0 5
131 85 1 0 6
131 36 1 0 7
131 100 1 0 8
131 149 1 0 10
131 150 1 0 12
131 70 1 0 13
131 48 1 0 13
131 23 1 0 20
131 91 1 0 21
131 22 1 0 21
131 118 1 0 23
131 21 1 0 23
131 20 1 0 24
117 18 1 0 1
117 92 1 0 2
117 51 1 0 3
117 85 1 0 4
117 36 1 0 5
117 100 1 0 6
117 149 1 0 8
117 150 1 0 10
117 70 1 0 11
117 48 1 0 11
117 23 1 0 18
117 91 1 0 19
117 22 1 0 20
117 118 1 0 21
117 21 1 0 21
117 20 1 0 22
18 92 1 0 2
18 51 1 0 3
18 85 1 0 3
18 36 1 0 4
18 100 1 0 5
18 149 1 0 7
18 150 1 0 9
18 70 1 0 10
18 48 1 0 11
18 23 1 0 17
18 91 1 0 18
18 22 1 0 19
18 118 1 0 20
18 21 1 0 21
18 20 1 0 21
92 51 1 0 2
92 85 1 0 2
92 36 1 0 3
92 100 1 0 4
92 149 1 0 6
92 150 1 0 8
92 70 1 0 9
92 48 1 0 10
92 23 1 0 16
92 91 1 0 17
92 22 1 0 18
92 118 1 0 19
92 21 1 0 20
92 20 1 0 20
51 85 1 0 1
51 36 1 0 2
51 100 1 0 3
51 149 1 0 5
51 150 1 0 7
51 70 1 0 8
51 48 1 0 9
51 23 1 0 15
51 91 1 0 16
51 22 1 0 17
51 118 1 0 18
51 21 1 0 18
51 20 1 0 19
85 36 1 0 1
85 100 1 0 2
85 149 1 0 4
85 150 1 0 6
85 70 1 0 7
85 48 1 0 8
85 23 1 0 14
85 91 1 0 15
85 22 1 0 16
85 118 1 0 17
85 21 1 0 18
85 20 1 0 18
36 100 1 0 1
36 149 1 0 3
36 150 1 0 5
36 70 1 0 6
36 48 1 0 7
36 23 1 0 13
36 91 1 0 14
36 22 1 0 15
36 118 1 0 16
36 21 1 0 17
36 20 1 0 17
100 149 1 0 2
100 150 1 0 5
100 70 1 0 6
100 48 1 0 6
100 23 1 0 13
100 91 1 0 14
100 22 1 0 14
100 118 1 0 15
100 21 1 0 16
100 20 1 0 17
149 150 1 0 3
149 70 1 0 4
149 48 1 0 4
149 23 1 0 11
149 91 1 0 12
149 22 1 0 12
149 118 1 0 14
149 21 1 0 14
149 20 1 0 15
150 70 1 0 2
150 48 1 0 2
150 23 1 0 9
150 91 1 0 10
150 22 1 0 10
150 118 1 0 11
150 21 1 0 12
150 20 1 0 13
70 48 1 0 1
70 23 1 0 8
70 91 1 0 9
70 22 1 0 9
70 118 1 0 10
70 21 1 0 11
70 20 1 0 12
48 23 1 0 7
48 91 1 0 8
48 22 1 0 9
48 118 1 0 10
48 21 1 0 10
48 20 1 0 11
23 91 1 0 1
23 22 1 0 2
23 118 1 0 3
23 21 1 0 4
23 20 1 0 4
91 22 1 0 1
91 118 1 0 2
91 21 1 0 3
91 20 1 0 4
22 118 1 0 2
22 21 1 0 2
22 20 1 0 3
118 21 1 0 1
118 20 1 0 2
21 20 1 0 1
43 121 1 1 1
43 143 1 1 2
43 60 1 1 3
43 145 1 1 4
43 82 1 1 5
43 83 1 1 6
43 146 1 1 6
43 147 1 1 7
43 95 1 1 9
43 7 1 1 9
43 76 1 1 10
43 34 1 1 11
43 54 1 1 12
43 125 1 1 13
43 74 1 1 14
43 32 1 1 15
43 128 1 1 16
43 134 1 1 16
43 6 1 1 17
43 72 1 1 18
43 78 1 1 19
43 5 1 1 19
43 4 1 1 21
43 3 1 1 22
43 139 1 1 22
121 143 1 1 1
121 60 1 1 2
121 145 1 1 3
121 82 1 1 4
121 83 1 1 5
121 146 1 1 6
121 147 1 1 7
121 95 1 1 8
121 7 1 1 8
121 76 1 1 9
121 34 1 1 10
121 54 1 1 11
121 125 1 1 12
121 74 1 1 14
121 32 1 1 14
121 128 1 1 15
121 134 1 1 15
121 6 1 1 16
121 72 1 1 17
121 78 1 1 18
121 5 1 1 18
121 4 1 1 20
121 3 1 1 21
121 139 1 1 21
143 60 1 1 1
143 145 1 1 2
143 82 1 1 3
143 83 1 1 4
143 146 1 1 5
143 147 1 1 6
143 95 1 1 7
143 7 1 1 8
143 76 1 1 8
143 34 1 1 9
143 54 1 1 11
143 125 1 1 12
143 74 1 1 13
143 32 1 1 13
143 128 1 1 14
143 134 1 1 14
143 6 1 1 15
143 72 1 1 16
143 78 1 1 17
143 5 1 1 18
143 4 1 1 19
143 3 1 1 20
143 139 1 1 20
60 145 1 1 1
60 82 1 1 2
60 83 1 1 3
60 146 1 1 4
60 147 1 1 5
60 95 1 1 6
60 7 1 1 7
60 76 1 1 7
60 34 1 1 8
60 54 1 1 10
60 125 1 1 11
60 74 1 1 12
60 32 1 1 12
60 128 1 1 13
60 134 1 1 14
60 6 1 1 14
60 72 1 1 15
60 78 1 1 16
60 5 1 1 17
60 4 1 1 18
60 3 1 1 19
60 139 1 1 19
145 82 1 1 2
145 83 1 1 2
145 146 1 1 3
145 147 1 1 4
145 95 1 1 5
145 7 1 1 6
145 76 1 1 7
145 34 1 1 8
145 54 1 1 9
145 125 1 1 10
145 74 1 1 11
145 32 1 1 12
145 128 1 1 13
145 134 1 1 13
145 6 1 1 14
145 72 1 1 15
145 78 1 1 16
145 5 1 1 16
145 4 1 1 17
145 3 1 1 18
145 139 1 1 19
82 83 1 1 1
82 146 1 1 2
82 147 1 1 3
82 95 1 1 4
82 7 1 1 5
82 76 1 1 6
82 34 1 1 7
82 54 1 1 8
82 125 1 1 9
82 74 1 1 10
82 32 1 1 10
82 128 1 1 11
82 134 1 1 12
82 6 1 1 13
82 72 1 1 13
82 78 1 1 14
82 5 1 1 15
82 4 1 1 16
82 3 1 1 17
82 139 1 1 17
83 146 1 1 1
83 147 1 1 2
83 95 1 1 3
83 7 1 1 4
83 76 1 1 5
83 34 1 1 6
83 54 1 1 7
83 125 1 1 8
83 74 1 1 9
83 32 1 1 10
83 128 1 1 11
83 134 1 1 11
83 6 1 1 12
83 72 1 1 13
83 78 1 1 14
83 5 1 1 14
83 4 1 1 16
83 3 1 1 16
83 139 1 1 17
146 147 1 1 2
146 95 1 1 3
146 7 1 1 3
146 76 1 1 4
146 34 1 1 5
146 54 1 1 6
146 125 1 1 7
146 74 1 1 9
146 32 1 1 9
146 128 1 1 10
146 134 1 1 10
146 6 1 1 11
146 72 1 1 12
146 78 1 1 13
146 5 1 1 13
146 4 1 1 15
146 3 1 1 16
146 139 1 1 16
147 95 1 1 2
147 7 1 1 2
147 76 1 1 3
147 34 1 1 4
147 54 1 1 5
147 125 1 1 6
147 74 1 1 7
147 32 1 1 8
147 128 1 1 9
147 134 1 1 9
147 6 1 1 10
147 72 1 1 11
147 78 1 1 12
147 5 1 1 12
147 4 1 1 14
147 3 1 1 15
147 139 1 1 15
95 7 1 1 1
95 76 1 1 2
95 34 1 1 3
95 54 1 1 4
95 125 1 1 5
95 74 1 1 6
95 32 1 1 7
95 128 1 1 8
95 134 1 1 8
95 6 1 1 9
95 72 1 1 10
95 78 1 1 11
95 5 1 1 11
95 4 1 1 13
95 3 1 1 14
95 139 1 1 14
7 76 1 1 1
7 34 1 1 2
7 54 1 1 3
7 125 1 1 5
7 74 1 1 6
7 32 1 1 6
7 128 1 1 7
7 134 1 1 7
7 6 1 1 8
7 72 1 1 9
7 78 1 1 10
7 5 1 1 11
7 4 1 1 12
7 3 1 1 13
7 139 1 1 13
76 34 1 1 1
76 54 1 1 3
76 125 1 1 4
76 74 1 1 5
76 32 1 1 5
76 128 1 1 6
76 134 1 1 7
76 6 1 1 7
76 72 1 1 8
76 78 1 1 9
76 5 1 1 10
76 4 1 1 11
76 3 1 1 12
76 139 1 1 12
34 54 1 1 2
34 125 1 1 3
34 74 1 1 4
34 32 1 1 4
34 128 1 1 5
34 134 1 1 6
34 6 1 1 6
34 72 1 1 7
34 78 1 1 8
34 5 1 1 9
34 4 1 1 10
34 3 1 1 11
34 139 1 1 11
54 125 1 1 2
54 74 1 1 3
54 32 1 1 3
54 128 1 1 4
54 134 1 1 4
54 6 1 1 5
54 72 1 1 6
54 78 1 1 7
54 5 1 1 8
54 4 1 1 9
54 3 1 1 10
54 139 1 1 10
125 74 1 1 2
125 32 1 1 2
125 128 1 1 3
125 134 1 1 3
125 6 1 1 4
125 72 1 1 5
125 78 1 1 6
125 5 1 1 6
125 4 1 1 8
125 3 1 1 9
125 139 1 1 9
74 32 1 1 1
74 128 1 1 2
74 134 1 1 2
74 6 1 1 3
74 72 1 1 4
74 78 1 1 5
74 5 1 1 5
74 4 1 1 7
74 3 1 1 8
74 139 1 1 8
32 128 1 1 1
32 134 1 1 2
32 6 1 1 3
32 72 1 1 4
32 78 1 1 4
32 5 1 1 5
32 4 1 1 6
32 3 1 1 7
32 139 1 1 7
128 134 1 1 1
128 6 1 1 2
128 72 1 1 3
128 78 1 1 3
128 5 1 1 4
128 4 1 1 5
128 3 1 1 6
128 139 1 1 7
134 6 1 1 1
134 72 1 1 2
134 78 1 1 3
134 5 1 1 4
134 4 1 1 5
134 3 1 1 6
134 139 1 1 6
6 72 1 1 1
6 78 1 1 2
6 5 1 1 3
6 4 1 1 4
6 3 1 1 5
6 139 1 1 5
72 78 1 1 1
72 5 1 1 2
72 4 1 1 3
72 3 1 1 4
72 139 1 1 4
78 5 1 1 1
78 4 1 1 2
78 3 1 1 3
78 139 1 1 4
5 4 1 1 2
5 3 1 1 3
5 139 1 1 3
4 3 1 1 1
4 139 1 1 2
3 139 1 1 1
81 31 2 0 1
81 102 2 0 2
81 33 2 0 3
81 30 2 0 4
81 29 2 0 5
81 79 2 0 6
81 119 2 0 6
81 85 2 0 8
81 36 2 0 9
81 100 2 0 9
81 95 2 0 10
81 45 2 0 11
81 59 2 0 12
81 52 2 0 12
81 93 2 0 13
81 28 2 0 13
81 26 2 0 14
81 24 2 0 15
81 41 2 0 15
81 67 2 0 15
81 107 2 0 16
81 108 2 0 16
81 110 2 0 17
81 148 2 0 17
31 102 2 0 1
31 33 2 0 2
31 30 2 0 3
31 29 2 0 4
31 79 2 0 5
31 119 2 0 6
31 85 2 0 7
31 36 2 0 8
31 100 2 0 8
31 95 2 0 9
31 45 2 0 10
31 59 2 0 11
31 52 2 0 11
31 93 2 0 13
31 28 2 0 13
31 26 2 0 14
31 24 2 0 14
31 41 2 0 15
31 67 2 0 15
31 107 2 0 15
31 108 2 0 15
31 110 2 0 16
31 148 2 0 16
102 33 2 0 2
102 30 2 0 2
102 29 2 0 3
102 79 2 0 4
102 119 2 0 5
102 85 2 0 6
102 36 2 0 7
102 100 2 0 8
102 95 2 0 8
102 45 2 0 9
102 59 2 0 11
102 52 2 0 11
102 93 2 0 12
102 28 2 0 12
102 26 2 0 13
102 24 2 0 13
102 41 2 0 14
102 67 2 0 14
102 107 2 0 15
102 108 2 0 15
102 110 2 0 15
102 148 2 0 15
33 30 2 0 1
33 29 2 0 2
33 79 2 0 3
33 119 2 0 4
33 85 2 0 5
33 36 2 0 6
33 100 2 0 7
33 95 2 0 7
33 45 2 0 8
33 59 2 0 10
33 52 2 0 10
33 93 2 0 11
33 28 2 0 11
33 26 2 0 12
33 24 2 0 12
33 41 2 0 13
33 67 2 0 13
33 107 2 0 14
33 108 2 0 14
33 110 2 0 14
33 148 2 0 14
30 29 2 0 2
30 79 2 0 2
30 119 2 0 3
30 85 2 0 4
30 36 2 0 5
30 100 2 0 6
30 95 2 0 7
30 45 2 0 7
30 59 2 0 9
30 52 2 0 9
30 93 2 0 10
30 28 2 0 10
30 26 2 0 11
30 24 2 0 11
30 41 2 0 12
30 67 2 0 12
30 107 2 0 13
30 108 2 0 13
30 110 2 0 14
30 148 2 0 14
29 79 2 0 1
29 119 2 0 2
29 85 2 0 3
29 36 2 0 4
29 100 2 0 5
29 95 2 0 6
29 45 2 0 6
29 59 2 0 8
29 52 2 0 8
29 93 2 0 9
29 28 2 0 9
29 26 2 0 10
29 24 2 0 10
29 41 2 0 11
29 67 2 0 11
29 107 2 0 12
29 108 2 0 12
29 110 2 0 13
29 148 2 0 13
79 119 2 0 1
79 85 2 0 3
79 36 2 0 4
79 100 2 0 4
79 95 2 0 5
79 45 2 0 6
79 59 2 0 7
79 52 2 0 7
79 93 2 0 8
79 28 2 0 8
79 26 2 0 9
79 24 2 0 10
79 41 2 0 10
79 67 2 0 10
79 107 2 0 11
79 108 2 0 11
79 110 2 0 12
79 148 2 0 12
119 85 2 0 2
119 36 2 0 3
119 100 2 0 3
119 95 2 0 4
119 45 2 0 5
119 59 2 0 6
119 52 2 0 6
119 93 2 0 8
119 28 2 0 8
119 26 2 0 9
119 24 2 0 9
119 41 2 0 9
119 67 2 0 9
119 107 2 0 10
119 108 2 0 10
119 110 2 0 11
119 148 2 0 11
85 36 2 0 1
85 100 2 0 2
85 95 2 0 3
85 45 2 0 3
85 59 2 0 5
85 52 2 0 5
85 93 2 0 6
85 28 2 0 6
85 26 2 0 7
85 24 2 0 7
85 41 2 0 8
85 67 2 0 8
85 107 2 0 9
85 108 2 0 9
85 110 2 0 10
85 148 2 0 10
36 100 2 0 1
36 95 2 0 2
36 45 2 0 3
36 59 2 0 4
36 52 2 0 4
36 93 2 0 5
36 28 2 0 5
36 26 2 0 6
36 24 2 0 6
36 41 2 0 7
36 67 2 0 7
36 107 2 0 8
36 108 2 0 8
36 110 2 0 9
36 148 2 0 9
100 95 2 0 1
100 45 2 0 2
100 59 2 0 4
100 52 2 0 4
100 93 2 0 5
100 28 2 0 5
100 26 2 0 6
100 24 2 0 6
100 41 2 0 7
100 67 2 0 7
100 107 2 0 7
100 108 2 0 7
100 110 2 0 8
100 148 2 0 8
95 45 2 0 1
95 59 2 0 3
95 52 2 0 3
95 93 2 0 4
95 28 2 0 4
95 26 2 0 5
95 24 2 0 5
95 41 2 0 6
95 67 2 0 6
95 107 2 0 7
95 108 2 0 7
95 110 2 0 7
95 148 2 0 7
45 59 2 0 2
45 52 2 0 2
45 93 2 0 3
45 28 2 0 3
45 26 2 0 4
45 24 2 0 4
45 41 2 0 5
45 67 2 0 5
45 107 2 0 6
45 108 2 0 6
45 110 2 0 7
45 148 2 0 7
59 52 2 0 1
59 93 2 0 2
59 28 2 0 2
59 26 2 0 3
59 24 2 0 3
59 41 2 0 4
59 67 2 0 4
59 107 2 0 4
59 108 2 0 4
59 110 2 0 5
59 148 2 0 5
52 93 2 0 2
52 28 2 0 2
52 26 2 0 3
52 24 2 0 3
52 41 2 0 4
52 67 2 0 4
52 107 2 0 4
52 108 2 0 4
52 110 2 0 5
52 148 2 0 5
93 28 2 0 1
93 26 2 0 2
93 24 2 0 2
93 41 2 0 2
93 67 2 0 2
93 107 2 0 3
93 108 2 0 3
93 110 2 0 4
93 148 2 0 4
28 26 2 0 2
28 24 2 0 2
28 41 2 0 2
28 67 2 0 2
28 107 2 0 3
28 108 2 0 3
28 110 2 0 4
28 148 2 0 4
26 24 2 0 1
26 41 2 0 1
26 67 2 0 1
26 107 2 0 2
26 108 2 0 2
26 110 2 0 3
26 148 2 0 3
24 41 2 0 1
24 67 2 0 1
24 107 2 0 2
24 108 2 0 2
24 110 2 0 3
24 148 2 0 3
41 67 2 0 1
41 107 2 0 1
41 108 2 0 1
41 110 2 0 2
41 148 2 0 2
67 107 2 0 1
67 108 2 0 1
67 110 2 0 2
67 148 2 0 2
107 108 2 0 1
107 110 2 0 1
107 148 2 0 1
108 110 2 0 1
108 148 2 0 1
110 148 2 0 1
98 42 2 1 1
98 53 2 1 1
98 106 2 1 1
98 47 2 1 2
98 84 2 1 2
98 75 2 1 3
98 57 2 1 3
98 104 2 1 4
98 73 2 1 4
98 66 2 1 4
98 64 2 1 4
98 96 2 1 5
98 77 2 1 5
98 99 2 1 7
98 63 2 1 7
98 16 2 1 8
98 65 2 1 9
98 7 2 1 10
98 76 2 1 11
98 46 2 1 12
98 58 2 1 12
98 97 2 1 13
98 94 2 1 14
98 2 2 1 15
98 25 2 1 16
98 144 2 1 17
98 1 2 1 18
98 81 2 1 18
42 53 2 1 1
42 106 2 1 1
42 47 2 1 2
42 84 2 1 2
42 75 2 1 3
42 57 2 1 3
42 104 2 1 4
42 73 2 1 4
42 66 2 1 4
42 64 2 1 4
42 96 2 1 5
42 77 2 1 5
42 99 2 1 7
42 63 2 1 7
42 16 2 1 8
42 65 2 1 9
42 7 2 1 10
42 76 2 1 11
42 46 2 1 12
42 58 2 1 12
42 97 2 1 13
42 94 2 1 14
42 2 2 1 15
42 25 2 1 16
42 144 2 1 17
42 1 2 1 18
42 81 2 1 18
53 106 2 1 1
53 47 2 1 1
53 84 2 1 1
53 75 2 1 3
53 57 2 1 3
53 104 2 1 4
53 73 2 1 4
53 66 2 1 4
53 64 2 1 4
53 96 2 1 5
53 77 2 1 5
53 99 2 1 7
53 63 2 1 7
53 16 2 1 8
53 65 2 1 9
53 7 2 1 9
53 76 2 1 10
53 46 2 1 11
53 58 2 1 12
53 97 2 1 13
53 94 2 1 14
53 2 2 1 15
53 25 2 1 15
53 144 2 1 16
53 1 2 1 17
53 81 2 1 18
106 47 2 1 1
106 84 2 1 1
106 75 2 1 3
106 57 2 1 3
106 104 2 1 3
106 73 2 1 4
106 66 2 1 4
106 64 2 1 4
106 96 2 1 5
106 77 2 1 5
106 99 2 1 7
106 63 2 1 7
106 16 2 1 8
106 65 2 1 9
106 7 2 1 9
106 76 2 1 10
106 46 2 1 11
106 58 2 1 12
106 97 2 1 13
106 94 2 1 14
106 2 2 1 15
106 25 2 1 15
106 144 2 1 16
106 1 2 1 17
106 81 2 1 18
47 84 2 1 1
47 75 2 1 2
47 57 2 1 2
47 104 2 1 3
47 73 2 1 3
47 66 2 1 3
47 64 2 1 3
47 96 2 1 4
47 77 2 1 4
47 99 2 1 6
47 63 2 1 6
47 16 2 1 7
47 65 2 1 8
47 7 2 1 9
47 76 2 1 9
47 46 2 1 10
47 58 2 1 11
47 97 2 1 12
47 94 2 1 13
47 2 2 1 14
47 25 2 1 14
47 144 2 1 16
47 1 2 1 16
47 81 2 1 17
84 75 2 1 2
84 57 2 1 2
84 104 2 1 3
84 73 2 1 3
84 66 2 1 3
84 64 2 1 3
84 96 2 1 4
84 77 2 1 4
84 99 2 1 6
84 63 2 1 6
84 16 2 1 7
84 65 2 1 8
84 7 2 1 9
84 76 2 1 9
84 46 2 1 10
84 58 2 1 11
84 97 2 1 12
84 94 2 1 13
84 2 2 1 14
84 25 2 1 14
84 144 2 1 16
84 1 2 1 16
84 81 2 1 17
75 57 2 1 1
75 104 2 1 1
75 73 2 1 1
75 66 2 1 2
75 64 2 1 2
75 96 2 1 2
75 77 2 1 2
75 99 2 1 4
75 63 2 1 4
75 16 2 1 6
75 65 2 1 6
75 7 2 1 7
75 76 2 1 8
75 46 2 1 9
75 58 2 1 10
75 97 2 1 10
75 94 2 1 11
75 2 2 1 12
75 25 2 1 13
75 144 2 1 14
75 1 2 1 15
75 81 2 1 16
57 104 2 1 1
57 73 2 1 1
57 66 2 1 2
57 64 2 1 2
57 96 2 1 2
57 77 2 1 2
57 99 2 1 4
57 63 2 1 4
57 16 2 1 6
57 65 2 1 6
57 7 2 1 7
57 76 2 1 8
57 46 2 1 9
57 58 2 1 10
57 97 2 1 10
57 94 2 1 11
57 2 2 1 12
57 25 2 1 13
57 144 2 1 14
57 1 2 1 15
57 81 2 1 16
104 73 2 1 1
104 66 2 1 1
104 64 2 1 1
104 96 2 1 2
104 77 2 1 2
104 99 2 1 4
104 63 2 1 4
104 16 2 1 5
104 65 2 1 6
104 7 2 1 6
104 76 2 1 7
104 46 2 1 8
104 58 2 1 9
104 97 2 1 10
104 94 2 1 11
104 2 2 1 12
104 25 2 1 12
104 144 2 1 13
104 1 2 1 14
104 81 2 1 15
73 66 2 1 1
73 64 2 1 1
73 96 2 1 2
73 77 2 1 2
73 99 2 1 4
73 63 2 1 4
73 16 2 1 5
73 65 2 1 6
73 7 2 1 6
73 76 2 1 7
73 46 2 1 8
73 58 2 1 9
73 97 2 1 10
73 94 2 1 11
73 2 2 1 11
73 25 2 1 12
73 144 2 1 13
73 1 2 1 14
73 81 2 1 15
66 64 2 1 1
66 96 2 1 1
66 77 2 1 1
66 99 2 1 3
66 63 2 1 3
66 16 2 1 5
66 65 2 1 5
66 7 2 1 6
66 76 2 1 7
66 46 2 1 8
66 58 2 1 8
66 97 2 1 9
66 94 2 1 10
66 2 2 1 11
66 25 2 1 12
66 144 2 1 13
66 1 2 1 14
66 81 2 1 15
64 96 2 1 1
64 77 2 1 1
64 99 2 1 3
64 63 2 1 3
64 16 2 1 5
64 65 2 1 5
64 7 2 1 6
64 76 2 1 7
64 46 2 1 8
64 58 2 1 8
64 97 2 1 9
64 94 2 1 10
64 2 2 1 11
64 25 2 1 12
64 144 2 1 13
64 1 2 1 14
64 81 2 1 15
96 77 2 1 1
96 99 2 1 3
96 63 2 1 3
96 16 2 1 4
96 65 2 1 5
96 7 2 1 5
96 76 2 1 6
96 46 2 1 7
96 58 2 1 8
96 97 2 1 9
96 94 2 1 10
96 2 2 1 10
96 25 2 1 11
96 144 2 1 12
96 1 2 1 13
96 81 2 1 14
77 99 2 1 3
77 63 2 1 3
77 16 2 1 4
77 65 2 1 5
77 7 2 1 5
77 76 2 1 6
77 46 2 1 7
77 58 2 1 8
77 97 2 1 9
77 94 2 1 10
77 2 2 1 10
77 25 2 1 11
77 144 2 1 12
77 1 2 1 13
77 81 2 1 14
99 63 2 1 1
99 16 2 1 2
99 65 2 1 3
99 7 2 1 3
99 76 2 1 4
99 46 2 1 5
99 58 2 1 6
99 97 2 1 7
99 94 2 1 8
99 2 2 1 8
99 25 2 1 9
99 144 2 1 10
99 1 2 1 11
99 81 2 1 12
63 16 2 1 2
63 65 2 1 3
63 7 2 1 3
63 76 2 1 4
63 46 2 1 5
63 58 2 1 6
63 97 2 1 7
63 94 2 1 8
63 2 2 1 8
63 25 2 1 9
63 144 2 1 10
63 1 2 1 11
63 81 2 1 12
16 65 2 1 1
16 7 2 1 2
16 76 2 1 3
16 46 2 1 4
16 58 2 1 4
16 97 2 1 5
16 94 2 1 6
16 2 2 1 7
16 25 2 1 8
16 144 2 1 9
16 1 2 1 10
16 81 2 1 11
65 7 2 1 1
65 76 2 1 2
65 46 2 1 3
65 58 2 1 4
65 97 2 1 5
65 94 2 1 5
65 2 2 1 6
65 25 2 1 7
65 144 2 1 8
65 1 2 1 9
65 81 2 1 10
7 76 2 1 1
7 46 2 1 2
7 58 2 1 3
7 97 2 1 4
7 94 2 1 5
7 2 2 1 6
7 25 2 1 6
7 144 2 1 7
7 1 2 1 8
7 81 2 1 9
76 46 2 1 1
76 58 2 1 2
76 97 2 1 3
76 94 2 1 4
76 2 2 1 5
76 25 2 1 5
76 144 2 1 7
76 1 2 1 7
76 81 2 1 8
46 58 2 1 1
46 97 2 1 2
46 94 2 1 3
46 2 2 1 4
46 25 2 1 5
46 144 2 1 6
46 1 2 1 6
46 81 2 1 7
58 97 2 1 1
58 94 2 1 2
58 2 2 1 3
58 25 2 1 4
58 144 2 1 5
58 1 2 1 6
58 81 2 1 7
97 94 2 1 1
97 2 2 1 2
97 25 2 1 3
97 144 2 1 4
97 1 2 1 5
97 81 2 1 6
94 2 2 1 1
94 25 2 1 2
94 144 2 1 3
94 1 2 1 4
94 81 2 1 5
2 25 2 1 1
2 144 2 1 2
2 1 2 1 3
2 81 2 1 4
25 144 2 1 2
25 1 2 1 2
25 81 2 1 3
144 1 2 1 1
144 81 2 1 2
1 81 2 1 1
111 112 3 0 1
111 114 3 0 2
111 116 3 0 2
111 122 3 0 3
111 35 3 0 4
111 123 3 0 5
111 39 3 0 6
111 101 3 0 7
111 126 3 0 8
111 127 3 0 9
111 49 3 0 10
111 105 3 0 11
111 86 3 0 12
111 74 3 0 13
111 32 3 0 14
111 128 3 0 14
111 134 3 0 15
111 129 3 0 15
112 114 3 0 2
112 116 3 0 2
112 122 3 0 3
112 35 3 0 4
112 123 3 0 5
112 39 3 0 6
112 101 3 0 6
112 126 3 0 8
112 127 3 0 9
112 49 3 0 10
112 105 3 0 10
112 86 3 0 12
112 74 3 0 13
112 32 3 0 13
112 128 3 0 14
112 134 3 0 15
112 129 3 0 15
114 116 3 0 1
114 122 3 0 2
114 35 3 0 3
114 123 3 0 4
114 39 3 0 5
114 101 3 0 5
114 126 3 0 7
114 127 3 0 8
114 49 3 0 9
114 105 3 0 9
114 86 3 0 11
114 74 3 0 12
114 32 3 0 12
114 128 3 0 13
114 134 3 0 13
114 129 3 0 14
116 122 3 0 1
116 35 3 0 2
116 123 3 0 3
116 39 3 0 4
116 101 3 0 5
116 126 3 0 6
116 127 3 0 7
116 49 3 0 8
116 105 3 0 9
116 86 3 0 10
116 74 3 0 11
116 32 3 0 12
116 128 3 0 13
116 134 3 0 13
116 129 3 0 14
122 35 3 0 1
122 123 3 0 3
122 39 3 0 3
122 101 3 0 4
122 126 3 0 6
122 127 3 0 6
122 49 3 0 8
122 105 3 0 8
122 86 3 0 10
122 74 3 0 11
122 32 3 0 11
122 128 3 0 12
122 134 3 0 12
122 129 3 0 13
35 123 3 0 2
35 39 3 0 2
35 101 3 0 3
35 126 3 0 5
35 127 3 0 5
35 49 3 0 7
35 105 3 0 7
35 86 3 0 9
35 74 3 0 10
35 32 3 0 10
35 128 3 0 11
35 134 3 0 11
35 129 3 0 12
123 39 3 0 1
123 101 3 0 2
123 126 3 0 4
123 127 3 0 4
123 49 3 0 6
123 105 3 0 6
123 86 3 0 8
123 74 3 0 9
123 32 3 0 9
123 128 3 0 10
123 134 3 0 10
123 129 3 0 11
39 101 3 0 1
39 126 3 0 3
39 127 3 0 3
39 49 3 0 5
39 105 3 0 5
39 86 3 0 7
39 74 3 0 8
39 32 3 0 8
39 128 3 0 9
39 134 3 0 9
39 129 3 0 10
101 126 3 0 2
101 127 3 0 3
101 49 3 0 4
101 105 3 0 5
101 86 3 0 6
101 74 3 0 7
101 32 3 0 7
101 128 3 0 8
101 134 3 0 9
101 129 3 0 9
126 127 3 0 1
126 49 3 0 2
126 105 3 0 3
126 86 3 0 4
126 74 3 0 5
126 32 3 0 6
126 128 3 0 7
126 134 3 0 7
126 129 3 0 8
127 49 3 0 2
127 105 3 0 2
127 86 3 0 4
127 74 3 0 5
127 32 3 0 5
127 128 3 0 6
127 134 3 0 6
127 129 3 0 7
49 105 3 0 1
49 86 3 0 3
49 74 3 0 4
49 32 3 0 4
49 128 3 0 5
49 134 3 0 5
49 129 3 0 6
105 86 3 0 2
105 74 3 0 3
105 32 3 0 3
105 128 3 0 4
105 134 3 0 5
105 129 3 0 5
86 74 3 0 2
86 32 3 0 2
86 128 3 0 3
86 134 3 0 3
86 129 3 0 4
74 32 3 0 1
74 128 3 0 2
74 134 3 0 2
74 129 3 0 3
32 128 3 0 1
32 134 3 0 2
32 129 3 0 2
128 134 3 0 1
128 129 3 0 2
134 129 3 0 1
129 142 3 1 1
129 131 3 1 4
129 117 3 1 6
129 132 3 1 7
129 88 3 1 7
129 137 3 1 8
129 133 3 1 9
129 135 3 1 10
129 89 3 1 11
129 136 3 1 12
129 80 3 1 13
129 138 3 1 14
129 140 3 1 15
129 69 3 1 16
129 141 3 1 16
129 55 3 1 17
129 111 3 1 18
142 131 3 1 3
142 117 3 1 5
142 132 3 1 6
142 88 3 1 7
142 137 3 1 8
142 133 3 1 9
142 135 3 1 9
142 89 3 1 10
142 136 3 1 11
142 80 3 1 12
142 138 3 1 13
142 140 3 1 14
142 69 3 1 15
142 141 3 1 16
142 55 3 1 16
142 111 3 1 17
131 117 3 1 2
131 132 3 1 3
131 88 3 1 4
131 137 3 1 5
131 133 3 1 6
131 135 3 1 7
131 89 3 1 8
131 136 3 1 9
131 80 3 1 10
131 138 3 1 11
131 140 3 1 12
131 69 3 1 12
131 141 3 1 13
131 55 3 1 13
131 111 3 1 14
117 132 3 1 1
117 88 3 1 2
117 137 3 1 3
117 133 3 1 4
117 135 3 1 5
117 89 3 1 6
117 136 3 1 7
117 80 3 1 8
117 138 3 1 9
117 140 3 1 10
117 69 3 1 10
117 141 3 1 11
117 55 3 1 11
117 111 3 1 12
132 88 3 1 1
132 137 3 1 2
132 133 3 1 3
132 135 3 1 4
132 89 3 1 5
132 136 3 1 6
132 80 3 1 7
132 138 3 1 8
132 140 3 1 9
132 69 3 1 10
132 141 3 1 10
132 55 3 1 11
132 111 3 1 11
88 137 3 1 2
88 133 3 1 3
88 135 3 1 3
88 89 3 1 4
88 136 3 1 5
88 80 3 1 6
88 138 3 1 7
88 140 3 1 8
88 69 3 1 9
88 141 3 1 9
88 55 3 1 10
88 111 3 1 11
137 133 3 1 2
137 135 3 1 2
137 89 3 1 3
137 136 3 1 4
137 80 3 1 5
137 138 3 1 6
137 140 3 1 7
137 69 3 1 8
137 141 3 1 8
137 55 3 1 9
137 111 3 1 10
133 135 3 1 1
133 89 3 1 2
133 136 3 1 3
133 80 3 1 4
133 138 3 1 5
133 140 3 1 6
133 69 3 1 7
133 141 3 1 7
133 55 3 1 8
133 111 3 1 9
135 89 3 1 1
135 136 3 1 3
135 80 3 1 4
135 138 3 1 4
135 140 3 1 5
135 69 3 1 6
135 141 3 1 7
135 55 3 1 7
135 111 3 1 8
89 136 3 1 2
89 80 3 1 3
89 138 3 1 4
89 140 3 1 5
89 69 3 1 5
89 141 3 1 6
89 55 3 1 6
89 111 3 1 7
136 80 3 1 2
136 138 3 1 2
136 140 3 1 3
136 69 3 1 4
136 141 3 1 5
136 55 3 1 5
136 111 3 1 6
80 138 3 1 1
80 140 3 1 2
80 69 3 1 3
80 141 3 1 4
80 55 3 1 4
80 111 3 1 5
138 140 3 1 2
138 69 3 1 2
138 141 3 1 3
138 55 3 1 3
138 111 3 1 4
140 69 3 1 1
140 141 3 1 2
140 55 3 1 2
140 111 3 1 3
69 141 3 1 1
69 55 3 1 2
69 111 3 1 2
141 55 3 1 1
141 111 3 1 2
55 111 3 1 1
98 42 4 0 1
98 53 4 0 1
98 106 4 0 1
98 47 4 0 2
98 84 4 0 2
98 75 4 0 3
98 57 4 0 3
98 104 4 0 4
98 73 4 0 4
98 66 4 0 4
98 64 4 0 4
98 96 4 0 5
98 77 4 0 5
98 103 4 0 7
98 38 4 0 7
98 90 4 0 8
98 105 4 0 8
98 86 4 0 10
98 120 4 0 11
98 71 4 0 11
98 92 4 0 12
98 51 4 0 13
98 46 4 0 14
98 58 4 0 14
98 40 4 0 16
42 53 4 0 1
42 106 4 0 1
42 47 4 0 2
42 84 4 0 2
42 75 4 0 3
42 57 4 0 3
42 104 4 0 4
42 73 4 0 4
42 66 4 0 4
42 64 4 0 4
42 96 4 0 5
42 77 4 0 5
42 103 4 0 7
42 38 4 0 7
42 90 4 0 8
42 105 4 0 8
42 86 4 0 10
42 120 4 0 11
42 71 4 0 11
42 92 4 0 12
42 51 4 0 13
42 46 4 0 14
42 58 4 0 14
42 40 4 0 16
53 106 4 0 1
53 47 4 0 1
53 84 4 0 1
53 75 4 0 3
53 57 4 0 3
53 104 4 0 4
53 73 4 0 4
53 66 4 0 4
53 64 4 0 4
53 96 4 0 5
53 77 4 0 5
53 103 4 0 7
53 38 4 0 7
53 90 4 0 7
53 105 4 0 8
53 86 4 0 9
53 120 4 0 10
53 71 4 0 11
53 92 4 0 11
53 51 4 0 13
53 46 4 0 13
53 58 4 0 14
53 40 4 0 15
106 47 4 0 1
106 84 4 0 1
106 75 4 0 3
106 57 4 0 3
106 104 4 0 3
106 73 4 0 4
106 66 4 0 4
106 64 4 0 4
106 96 4 0 5
106 77 4 0 5
106 103 4 0 7
106 38 4 0 7
106 90 4 0 7
106 105 4 0 8
106 86 4 0 9
106 120 4 0 10
106 71 4 0 11
106 92 4 0 11
106 51 4 0 13
106 46 4 0 13
106 58 4 0 14
106 40 4 0 15
47 84 4 0 1
47 75 4 0 2
47 57 4 0 2
47 104 4 0 3
47 73 4 0 3
47 66 4 0 3
47 64 4 0 3
47 96 4 0 4
47 77 4 0 4
47 103 4 0 6
47 38 4 0 6
47 90 4 0 7
47 105 4 0 7
47 86 4 0 9
47 120 4 0 9
47 71 4 0 10
47 92 4 0 11
47 51 4 0 12
47 46 4 0 12
47 58 4 0 13
47 40 4 0 15
84 75 4 0 2
84 57 4 0 2
84 104 4 0 3
84 73 4 0 3
84 66 4 0 3
84 64 4 0 3
84 96 4 0 4
84 77 4 0 4
84 103 4 0 6
84 38 4 0 6
84 90 4 0 7
84 105 4 0 7
84 86 4 0 9
84 120 4 0 9
84 71 4 0 10
84 92 4 0 11
84 51 4 0 12
84 46 4 0 12
84 58 4 0 13
84 40 4 0 15
75 57 4 0 1
75 104 4 0 1
75 73 4 0 1
75 66 4 0 2
75 64 4 0 2
75 96 4 0 2
75 77 4 0 2
75 103 4 0 4
75 38 4 0 4
75 90 4 0 5
75 105 4 0 6
75 86 4 0 7
75 120 4 0 8
75 71 4 0 9
75 92 4 0 9
75 51 4 0 10
75 46 4 0 11
75 58 4 0 12
75 40 4 0 13
57 104 4 0 1
57 73 4 0 1
57 66 4 0 2
57 64 4 0 2
57 96 4 0 2
57 77 4 0 2
57 103 4 0 4
57 38 4 0 4
57 90 4 0 5
57 105 4 0 6
57 86 4 0 7
57 120 4 0 8
57 71 4 0 9
57 92 4 0 9
57 51 4 0 10
57 46 4 0 11
57 58 4 0 12
57 40 4 0 13
104 73 4 0 1
104 66 4 0 1
104 64 4 0 1
104 96 4 0 2
104 77 4 0 2
104 103 4 0 4
104 38 4 0 4
104 90 4 0 4
104 105 4 0 5
104 86 4 0 6
104 120 4 0 7
104 71 4 0 8
104 92 4 0 8
104 51 4 0 10
104 46 4 0 10
104 58 4 0 11
104 40 4 0 12
73 66 4 0 1
73 64 4 0 1
73 96 4 0 2
73 77 4 0 2
73 103 4 0 4
73 38 4 0 4
73 90 4 0 4
73 105 4 0 5
73 86 4 0 6
73 120 4 0 7
73 71 4 0 8
73 92 4 0 8
73 51 4 0 10
73 46 4 0 10
73 58 4 0 11
73 40 4 0 12
66 64 4 0 1
66 96 4 0 1
66 77 4 0 1
66 103 4 0 3
66 38 4 0 3
66 90 4 0 4
66 105 4 0 5
66 86 4 0 6
66 120 4 0 7
66 71 4 0 8
66 92 4 0 8
66 51 4 0 9
66 46 4 0 10
66 58 4 0 10
66 40 4 0 12
64 96 4 0 1
64 77 4 0 1
64 103 4 0 3
64 38 4 0 3
64 90 4 0 4
64 105 4 0 5
64 86 4 0 6
64 120 4 0 7
64 71 4 0 8
64 92 4 0 8
64 51 4 0 9
64 46 4 0 10
64 58 4 0 10
64 40 4 0 12
96 77 4 0 1
96 103 4 0 3
96 38 4 0 3
96 90 4 0 3
96 105 4 0 4
96 86 4 0 5
96 120 4 0 6
96 71 4 0 7
96 92 4 0 7
96 51 4 0 9
96 46 4 0 9
96 58 4 0 10
96 40 4 0 11
77 103 4 0 3
77 38 4 0 3
77 90 4 0 3
77 105 4 0 4
77 86 4 0 5
77 120 4 0 6
77 71 4 0 7
77 92 4 0 7
77 51 4 0 8
77 46 4 0 9
77 58 4 0 10
77 40 4 0 11
103 38 4 0 1
103 90 4 0 1
103 105 4 0 2
103 86 4 0 3
103 120 4 0 4
103 71 4 0 5
103 92 4 0 5
103 51 4 0 6
103 46 4 0 7
103 58 4 0 8
103 40 4 0 9
38 90 4 0 1
38 105 4 0 2
38 86 4 0 3
38 120 4 0 4
38 71 4 0 5
38 92 4 0 5
38 51 4 0 6
38 46 4 0 7
38 58 4 0 8
38 40 4 0 9
90 105 4 0 1
90 86 4 0 2
90 120 4 0 3
90 71 4 0 4
90 92 4 0 5
90 51 4 0 6
90 46 4 0 6
90 58 4 0 7
90 40 4 0 9
105 86 4 0 2
105 120 4 0 3
105 71 4 0 3
105 92 4 0 4
105 51 4 0 5
105 46 4 0 6
105 58 4 0 6
105 40 4 0 8
86 120 4 0 1
86 71 4 0 2
86 92 4 0 3
86 51 4 0 4
86 46 4 0 4
86 58 4 0 5
86 40 4 0 7
120 71 4 0 1
120 92 4 0 2
120 51 4 0 3
120 46 4 0 3
120 58 4 0 4
120 40 4 0 6
71 92 4 0 1
71 51 4 0 2
71 46 4 0 3
71 58 4 0 3
71 40 4 0 5
92 51 4 0 2
92 46 4 0 2
92 58 4 0 3
92 40 4 0 4
51 46 4 0 1
51 58 4 0 2
51 40 4 0 3
46 58 4 0 1
46 40 4 0 3
58 40 4 0 2
40 119 4 1 2
40 34 4 1 3
40 54 4 1 4
40 125 4 1 5
40 88 4 1 6
40 124 4 1 7
40 17 4 1 8
40 37 4 1 8
40 93 4 1 9
40 28 4 1 9
40 26 4 1 10
40 24 4 1 10
40 41 4 1 11
40 67 4 1 11
40 107 4 1 12
40 108 4 1 12
40 110 4 1 13
40 148 4 1 13
119 34 4 1 2
119 54 4 1 3
119 125 4 1 4
119 88 4 1 5
119 124 4 1 6
119 17 4 1 7
119 37 4 1 7
119 93 4 1 8
119 28 4 1 8
119 26 4 1 9
119 24 4 1 9
119 41 4 1 10
119 67 4 1 10
119 107 4 1 11
119 108 4 1 11
119 110 4 1 11
119 148 4 1 12
34 54 4 1 2
34 125 4 1 3
34 88 4 1 4
34 124 4 1 5
34 17 4 1 6
34 37 4 1 6
34 93 4 1 7
34 28 4 1 7
34 26 4 1 8
34 24 4 1 8
34 41 4 1 9
34 67 4 1 9
34 107 4 1 10
34 108 4 1 10
34 110 4 1 10
34 148 4 1 10
54 125 4 1 2
54 88 4 1 3
54 124 4 1 4
54 17 4 1 4
54 37 4 1 4
54 93 4 1 6
54 28 4 1 6
54 26 4 1 7
54 24 4 1 7
54 41 4 1 8
54 67 4 1 8
54 107 4 1 9
54 108 4 1 9
54 110 4 1 9
54 148 4 1 9
125 88 4 1 2
125 124 4 1 3
125 17 4 1 3
125 37 4 1 3
125 93 4 1 5
125 28 4 1 5
125 26 4 1 6
125 24 4 1 6
125 41 4 1 7
125 67 4 1 7
125 107 4 1 7
125 108 4 1 7
125 110 4 1 8
125 148 4 1 8
88 124 4 1 1
88 17 4 1 2
88 37 4 1 2
88 93 4 1 4
88 28 4 1 4
88 26 4 1 5
88 24 4 1 5
88 41 4 1 5
88 67 4 1 5
88 107 4 1 6
88 108 4 1 6
88 110 4 1 7
88 148 4 1 7
124 17 4 1 1
124 37 4 1 1
124 93 4 1 3
124 28 4 1 3
124 26 4 1 4
124 24 4 1 4
124 41 4 1 5
124 67 4 1 5
124 107 4 1 5
124 108 4 1 5
124 110 4 1 6
124 148 4 1 6
17 37 4 1 1
17 93 4 1 2
17 28 4 1 2
17 26 4 1 3
17 24 4 1 3
17 41 4 1 4
17 67 4 1 4
17 107 4 1 5
17 108 4 1 5
17 110 4 1 5
17 148 4 1 5
37 93 4 1 2
37 28 4 1 2
37 26 4 1 3
37 24 4 1 3
37 41 4 1 4
37 67 4 1 4
37 107 4 1 5
37 108 4 1 5
37 110 4 1 5
37 148 4 1 5
93 28 4 1 1
93 26 4 1 2
93 24 4 1 2
93 41 4 1 2
93 67 4 1 2
93 107 4 1 3
93 108 4 1 3
93 110 4 1 4
93 148 4 1 4
28 26 4 1 2
28 24 4 1 2
28 41 4 1 2
28 67 4 1 2
28 107 4 1 3
28 108 4 1 3
28 110 4 1 4
28 148 4 1 4
26 24 4 1 1
26 41 4 1 1
26 67 4 1 1
26 107 4 1 2
26 108 4 1 2
26 110 4 1 3
26 148 4 1 3
24 41 4 1 1
24 67 4 1 1
24 107 4 1 2
24 108 4 1 2
24 110 4 1 3
24 148 4 1 3
41 67 4 1 1
41 107 4 1 1
41 108 4 1 1
41 110 4 1 2
41 148 4 1 2
67 107 4 1 1
67 108 4 1 1
67 110 4 1 2
67 148 4 1 2
107 108 4 1 1
107 110 4 1 1
107 148 4 1 1
108 110 4 1 1
108 148 4 1 1
110 148 4 1 1
98 42 5 0 1
98 53 5 0 1
98 106 5 0 1
98 47 5 0 2
98 84 5 0 2
98 75 5 0 3
98 57 5 0 3
98 104 5 0 4
98 73 5 0 4
98 66 5 0 4
98 64 5 0 4
98 96 5 0 5
98 77 5 0 5
98 99 5 0 7
98 63 5 0 7
98 16 5 0 8
98 65 5 0 9
98 89 5 0 10
98 136 5 0 11
98 80 5 0 12
98 138 5 0 13
98 44 5 0 14
42 53 5 0 1
42 106 5 0 1
42 47 5 0 2
42 84 5 0 2
42 75 5 0 3
42 57 5 0 3
42 104 5 0 4
42 73 5 0 4
42 66 5 0 4
42 64 5 0 4
42 96 5 0 5
42 77 5 0 5
42 99 5 0 7
42 63 5 0 7
42 16 5 0 8
42 65 5 0 9
42 89 5 0 10
42 136 5 0 11
42 80 5 0 12
42 138 5 0 13
42 44 5 0 14
53 106 5 0 1
53 47 5 0 1
53 84 5 0 1
53 75 5 0 3
53 57 5 0 3
53 104 5 0 4
53 73 5 0 4
53 66 5 0 4
53 64 5 0 4
53 96 5 0 5
53 77 5 0 5
53 99 5 0 7
53 63 5 0 7
53 16 5 0 8
53 65 5 0 9
53 89 5 0 10
53 136 5 0 11
53 80 5 0 12
53 138 5 0 13
53 44 5 0 14
106 47 5 0 1
106 84 5 0 1
106 75 5 0 3
106 57 5 0 3
106 104 5 0 3
106 73 5 0 4
106 66 5 0 4
106 64 5 0 4
106 96 5 0 5
106 77 5 0 5
106 99 5 0 7
106 63 5 0 7
106 16 5 0 8
106 65 5 0 9
106 89 5 0 10
106 136 5 0 11
106 80 5 0 12
106 138 5 0 13
106 44 5 0 14
47 84 5 0 1
47 75 5 0 2
47 57 5 0 2
47 104 5 0 3
47 73 5 0 3
47 66 5 0 3
47 64 5 0 3
47 96 5 0 4
47 77 5 0 4
47 99 5 0 6
47 63 5 0 6
47 16 5 0 7
47 65 5 0 8
47 89 5 0 9
47 136 5 0 10
47 80 5 0 11
47 138 5 0 12
47 44 5 0 13
84 75 5 0 2
84 57 5 0 2
84 104 5 0 3
84 73 5 0 3
84 66 5 0 3
84 64 5 0 3
84 96 5 0 4
84 77 5 0 4
84 99 5 0 6
84 63 5 0 6
84 16 5 0 7
84 65 5 0 8
84 89 5 0 9
84 136 5 0 10
84 80 5 0 11
84 138 5 0 12
84 44 5 0 13
75 57 5 0 1
75 104 5 0 1
75 73 5 0 1
75 66 5 0 2
75 64 5 0 2
75 96 5 0 2
75 77 5 0 2
75 99 5 0 4
75 63 5 0 4
75 16 5 0 6
75 65 5 0 6
75 89 5 0 7
75 136 5 0 9
75 80 5 0 10
75 138 5 0 11
75 44 5 0 11
57 104 5 0 1
57 73 5 0 1
57 66 5 0 2
57 64 5 0 2
57 96 5 0 2
57 77 5 0 2
57 99 5 0 4
57 63 5 0 4
57 16 5 0 6
57 65 5 0 6
57 89 5 0 7
57 136 5 0 9
57 80 5 0 10
57 138 5 0 10
57 44 5 0 11
104 73 5 0 1
104 66 5 0 1
104 64 5 0 1
104 96 5 0 2
104 77 5 0 2
104 99 5 0 4
104 63 5 0 4
104 16 5 0 5
104 65 5 0 6
104 89 5 0 7
104 136 5 0 8
104 80 5 0 9
104 138 5 0 10
104 44 5 0 11
73 66 5 0 1
73 64 5 0 1
73 96 5 0 2
73 77 5 0 2
73 99 5 0 4
73 63 5 0 4
73 16 5 0 5
73 65 5 0 6
73 89 5 0 7
73 136 5 0 8
73 80 5 0 9
73 138 5 0 10
73 44 5 0 11
66 64 5 0 1
66 96 5 0 1
66 77 5 0 1
66 99 5 0 3
66 63 5 0 3
66 16 5 0 5
66 65 5 0 5
66 89 5 0 6
66 136 5 0 8
66 80 5 0 9
66 138 5 0 9
66 44 5 0 10
64 96 5 0 1
64 77 5 0 1
64 99 5 0 3
64 63 5 0 3
64 16 5 0 5
64 65 5 0 5
64 89 5 0 6
64 136 5 0 8
64 80 5 0 9
64 138 5 0 9
64 44 5 0 10
96 77 5 0 1
96 99 5 0 3
96 63 5 0 3
96 16 5 0 4
96 65 5 0 5
96 89 5 0 6
96 136 5 0 7
96 80 5 0 8
96 138 5 0 9
96 44 5 0 10
77 99 5 0 3
77 63 5 0 3
77 16 5 0 4
77 65 5 0 5
77 89 5 0 6
77 136 5 0 7
77 80 5 0 8
77 138 5 0 9
77 44 5 0 10
99 63 5 0 1
99 16 5 0 2
99 65 5 0 3
99 89 5 0 4
99 136 5 0 5
99 80 5 0 6
99 138 5 0 7
99 44 5 0 8
63 16 5 0 2
63 65 5 0 3
63 89 5 0 4
63 136 5 0 5
63 80 5 0 6
63 138 5 0 7
63 44 5 0 8
16 65 5 0 1
16 89 5 0 2
16 136 5 0 4
16 80 5 0 5
16 138 5 0 5
16 44 5 0 6
65 89 5 0 2
65 136 5 0 3
65 80 5 0 4
65 138 5 0 5
65 44 5 0 5
89 136 5 0 2
89 80 5 0 3
89 138 5 0 4
89 44 5 0 4
136 80 5 0 2
136 138 5 0 2
136 44 5 0 3
80 138 5 0 1
80 44 5 0 2
138 44 5 0 1
44 123 5 1 1
44 39 5 1 2
44 101 5 1 3
44 100 5 1 5
44 95 5 1 5
44 45 5 1 6
44 59 5 1 8
44 52 5 1 8
44 93 5 1 9
44 28 5 1 9
44 26 5 1 10
44 24 5 1 10
44 41 5 1 11
44 67 5 1 11
44 107 5 1 12
44 108 5 1 12
44 110 5 1 12
44 148 5 1 12
123 39 5 1 1
123 101 5 1 2
123 100 5 1 4
123 95 5 1 4
123 45 5 1 5
123 59 5 1 7
123 52 5 1 7
123 93 5 1 8
123 28 5 1 8
123 26 5 1 9
123 24 5 1 9
123 41 5 1 10
123 67 5 1 10
123 107 5 1 11
123 108 5 1 11
123 110 5 1 11
123 148 5 1 11
39 101 5 1 1
39 100 5 1 3
39 95 5 1 4
39 45 5 1 4
39 59 5 1 6
39 52 5 1 6
39 93 5 1 7
39 28 5 1 7
39 26 5 1 8
39 24 5 1 8
39 41 5 1 9
39 67 5 1 9
39 107 5 1 10
39 108 5 1 10
39 110 5 1 11
39 148 5 1 11
101 100 5 1 2
101 95 5 1 3
101 45 5 1 3
101 59 5 1 5
101 52 5 1 5
101 93 5 1 6
101 28 5 1 6
101 26 5 1 7
101 24 5 1 7
101 41 5 1 8
101 67 5 1 8
101 107 5 1 9
101 108 5 1 9
101 110 5 1 10
101 148 5 1 10
100 95 5 1 1
100 45 5 1 2
100 59 5 1 4
100 52 5 1 4
100 93 5 1 5
100 28 5 1 5
100 26 5 1 6
100 24 5 1 6
100 41 5 1 7
100 67 5 1 7
100 107 5 1 7
100 108 5 1 7
100 110 5 1 8
100 148 5 1 8
95 45 5 1 1
95 59 5 1 3
95 52 5 1 3
95 93 5 1 4
95 28 5 1 4
95 26 5 1 5
95 24 5 1 5
95 41 5 1 6
95 67 5 1 6
95 107 5 1 7
95 108 5 1 7
95 110 5 1 7
95 148 5 1 7
45 59 5 1 2
45 52 5 1 2
45 93 5 1 3
45 28 5 1 3
45 26 5 1 4
45 24 5 1 4
45 41 5 1 5
45 67 5 1 5
45 107 5 1 6
45 108 5 1 6
45 110 5 1 7
45 148 5 1 7
59 52 5 1 1
59 93 5 1 2
59 28 5 1 2
59 26 5 1 3
59 24 5 1 3
59 41 5 1 4
59 67 5 1 4
59 107 5 1 4
59 108 5 1 4
59 110 5 1 5
59 148 5 1 5
52 93 5 1 2
52 28 5 1 2
52 26 5 1 3
52 24 5 1 3
52 41 5 1 4
52 67 5 1 4
52 107 5 1 4
52 108 5 1 4
52 110 5 1 5
52 148 5 1 5
93 28 5 1 1
93 26 5 1 2
93 24 5 1 2
93 41 5 1 2
93 67 5 1 2
93 107 5 1 3
93 108 5 1 3
93 110 5 1 4
93 148 5 1 4
28 26 5 1 2
28 24 5 1 2
28 41 5 1 2
28 67 5 1 2
28 107 5 1 3
28 108 5 1 3
28 110 5 1 4
28 148 5 1 4
26 24 5 1 1
26 41 5 1 1
26 67 5 1 1
26 107 5 1 2
26 108 5 1 2
26 110 5 1 3
26 148 5 1 3
24 41 5 1 1
24 67 5 1 1
24 107 5 1 2
24 108 5 1 2
24 110 5 1 3
24 148 5 1 3
41 67 5 1 1
41 107 5 1 1
41 108 5 1 1
41 110 5 1 2
41 148 5 1 2
67 107 5 1 1
67 108 5 1 1
67 110 5 1 2
67 148 5 1 2
107 108 5 1 1
107 110 5 1 1
107 148 5 1 1
108 110 5 1 1
108 148 5 1 1
110 148 5 1 1
44 123 6 0 1
44 39 6 0 2
44 15 6 0 3
44 29 6 0 4
44 79 6 0 5
44 119 6 0 6
44 34 6 0 7
44 54 6 0 8
44 125 6 0 9
44 130 6 0 10
44 56 6 0 11
44 109 6 0 12
44 62 6 0 14
44 87 6 0 15
44 14 6 0 16
44 13 6 0 17
44 113 6 0 18
123 39 6 0 1
123 15 6 0 2
123 29 6 0 3
123 79 6 0 4
123 119 6 0 5
123 34 6 0 6
123 54 6 0 7
123 125 6 0 8
123 130 6 0 10
123 56 6 0 10
123 109 6 0 12
123 62 6 0 13
123 87 6 0 15
123 14 6 0 15
123 13 6 0 17
123 113 6 0 17
39 15 6 0 1
39 29 6 0 2
39 79 6 0 3
39 119 6 0 4
39 34 6 0 5
39 54 6 0 6
39 125 6 0 7
39 130 6 0 9
39 56 6 0 10
39 109 6 0 11
39 62 6 0 12
39 87 6 0 14
39 14 6 0 14
39 13 6 0 16
39 113 6 0 16
15 29 6 0 1
15 79 6 0 2
15 119 6 0 3
15 34 6 0 4
15 54 6 0 6
15 125 6 0 7
15 130 6 0 8
15 56 6 0 9
15 109 6 0 10
15 62 6 0 11
15 87 6 0 13
15 14 6 0 14
15 13 6 0 15
15 113 6 0 15
29 79 6 0 1
29 119 6 0 2
29 34 6 0 3
29 54 6 0 5
29 125 6 0 6
29 130 6 0 7
29 56 6 0 8
29 109 6 0 9
29 62 6 0 10
29 87 6 0 12
29 14 6 0 13
29 13 6 0 14
29 113 6 0 14
79 119 6 0 1
79 34 6 0 2
79 54 6 0 4
79 125 6 0 5
79 130 6 0 6
79 56 6 0 7
79 109 6 0 8
79 62 6 0 9
79 87 6 0 11
79 14 6 0 12
79 13 6 0 13
79 113 6 0 13
119 34 6 0 2
119 54 6 0 3
119 125 6 0 4
119 130 6 0 5
119 56 6 0 6
119 109 6 0 7
119 62 6 0 8
119 87 6 0 10
119 14 6 0 11
119 13 6 0 12
119 113 6 0 12
34 54 6 0 2
34 125 6 0 3
34 130 6 0 4
34 56 6 0 5
34 109 6 0 6
34 62 6 0 7
34 87 6 0 9
34 14 6 0 10
34 13 6 0 11
34 113 6 0 11
54 125 6 0 2
54 130 6 0 3
54 56 6 0 4
54 109 6 0 5
54 62 6 0 6
54 87 6 0 8
54 14 6 0 9
54 13 6 0 10
54 113 6 0 10
125 130 6 0 2
125 56 6 0 3
125 109 6 0 4
125 62 6 0 5
125 87 6 0 7
125 14 6 0 8
125 13 6 0 9
125 113 6 0 9
130 56 6 0 1
130 109 6 0 2
130 62 6 0 4
130 87 6 0 5
130 14 6 0 6
130 13 6 0 7
130 113 6 0 8
56 109 6 0 2
56 62 6 0 3
56 87 6 0 5
56 14 6 0 5
56 13 6 0 7
56 113 6 0 7
109 62 6 0 2
109 87 6 0 3
109 14 6 0 4
109 13 6 0 5
109 113 6 0 6
62 87 6 0 2
62 14 6 0 3
62 13 6 0 4
62 113 6 0 4
87 14 6 0 1
87 13 6 0 2
87 113 6 0 3
14 13 6 0 2
14 113 6 0 2
13 113 6 0 1
12 11 6 1 2
12 10 6 1 3
12 9 6 1 4
12 8 6 1 6
12 61 6 1 7
12 88 6 1 8
12 137 6 1 9
12 133 6 1 10
12 135 6 1 11
12 89 6 1 11
12 136 6 1 13
12 80 6 1 14
12 138 6 1 15
12 44 6 1 15
11 10 6 1 1
11 9 6 1 3
11 8 6 1 4
11 61 6 1 6
11 88 6 1 7
11 137 6 1 8
11 133 6 1 9
11 135 6 1 9
11 89 6 1 10
11 136 6 1 11
11 80 6 1 12
11 138 6 1 13
11 44 6 1 14
10 9 6 1 2
10 8 6 1 4
10 61 6 1 5
10 88 6 1 6
10 137 6 1 7
10 133 6 1 8
10 135 6 1 9
10 89 6 1 9
10 136 6 1 11
10 80 6 1 12
10 138 6 1 12
10 44 6 1 13
9 8 6 1 2
9 61 6 1 3
9 88 6 1 4
9 137 6 1 5
9 133 6 1 6
9 135 6 1 7
9 89 6 1 8
9 136 6 1 9
9 80 6 1 10
9 138 6 1 11
9 44 6 1 11
8 61 6 1 2
8 88 6 1 3
8 137 6 1 4
8 133 6 1 5
8 135 6 1 5
8 89 6 1 6
8 136 6 1 7
8 80 6 1 8
8 138 6 1 9
8 44 6 1 10
61 88 6 1 2
61 137 6 1 3
61 133 6 1 4
61 135 6 1 4
61 89 6 1 5
61 136 6 1 6
61 80 6 1 7
61 138 6 1 8
61 44 6 1 9
88 137 6 1 2
88 133 6 1 3
88 135 6 1 3
88 89 6 1 4
88 136 6 1 5
88 80 6 1 6
88 138 6 1 7
88 44 6 1 8
137 133 6 1 2
137 135 6 1 2
137 89 6 1 3
137 136 6 1 4
137 80 6 1 5
137 138 6 1 6
137 44 6 1 7
133 135 6 1 1
133 89 6 1 2
133 136 6 1 3
133 80 6 1 4
133 138 6 1 5
133 44 6 1 6
135 89 6 1 1
135 136 6 1 3
135 80 6 1 4
135 138 6 1 4
135 44 6 1 5
89 136 6 1 2
89 80 6 1 3
89 138 6 1 4
89 44 6 1 4
136 80 6 1 2
136 138 6 1 2
136 44 6 1 3
80 138 6 1 1
80 44 6 1 2
138 44 6 1 1
43 121 7 0 1
43 143 7 0 2
43 60 7 0 3
43 145 7 0 4
43 82 7 0 5
43 83 7 0 6
43 146 7 0 6
43 147 7 0 7
43 95 7 0 9
43 89 7 0 10
43 136 7 0 11
43 80 7 0 12
43 138 7 0 13
43 140 7 0 14
43 69 7 0 15
43 141 7 0 15
43 55 7 0 16
43 111 7 0 17
121 143 7 0 1
121 60 7 0 2
121 145 7 0 3
121 82 7 0 4
121 83 7 0 5
121 146 7 0 6
121 147 7 0 7
121 95 7 0 8
121 89 7 0 9
121 136 7 0 10
121 80 7 0 11
121 138 7 0 12
121 140 7 0 13
121 69 7 0 14
121 141 7 0 14
121 55 7 0 15
121 111 7 0 16
143 60 7 0 1
143 145 7 0 2
143 82 7 0 3
143 83 7 0 4
143 146 7 0 5
143 147 7 0 6
143 95 7 0 7
143 89 7 0 8
143 136 7 0 9
143 80 7 0 10
143 138 7 0 11
143 140 7 0 12
143 69 7 0 13
143 141 7 0 14
143 55 7 0 14
143 111 7 0 15
60 145 7 0 1
60 82 7 0 2
60 83 7 0 3
60 146 7 0 4
60 147 7 0 5
60 95 7 0 6
60 89 7 0 7
60 136 7 0 8
60 80 7 0 9
60 138 7 0 10
60 140 7 0 11
60 69 7 0 12
60 141 7 0 13
60 55 7 0 13
60 111 7 0 14
145 82 7 0 2
145 83 7 0 2
145 146 7 0 3
145 147 7 0 4
145 95 7 0 5
145 89 7 0 7
145 136 7 0 8
145 80 7 0 9
145 138 7 0 10
145 140 7 0 11
145 69 7 0 12
145 141 7 0 12
145 55 7 0 13
145 111 7 0 13
82 83 7 0 1
82 146 7 0 2
82 147 7 0 3
82 95 7 0 4
82 89 7 0 5
82 136 7 0 7
82 80 7 0 8
82 138 7 0 8
82 140 7 0 9
82 69 7 0 10
82 141 7 0 11
82 55 7 0 11
82 111 7 0 12
83 146 7 0 1
83 147 7 0 2
83 95 7 0 3
83 89 7 0 5
83 136 7 0 6
83 80 7 0 7
83 138 7 0 8
83 140 7 0 9
83 69 7 0 10
83 141 7 0 10
83 55 7 0 11
83 111 7 0 11
146 147 7 0 2
146 95 7 0 3
146 89 7 0 4
146 136 7 0 5
146 80 7 0 6
146 138 7 0 7
146 140 7 0 8
146 69 7 0 9
146 141 7 0 9
146 55 7 0 10
146 111 7 0 11
147 95 7 0 2
147 89 7 0 3
147 136 7 0 4
147 80 7 0 5
147 138 7 0 6
147 140 7 0 7
147 69 7 0 8
147 141 7 0 8
147 55 7 0 9
147 111 7 0 10
95 89 7 0 2
95 136 7 0 3
95 80 7 0 4
95 138 7 0 5
95 140 7 0 6
95 69 7 0 7
95 141 7 0 7
95 55 7 0 8
95 111 7 0 9
89 136 7 0 2
89 80 7 0 3
89 138 7 0 4
89 140 7 0 5
89 69 7 0 5
89 141 7 0 6
89 55 7 0 6
89 111 7 0 7
136 80 7 0 2
136 138 7 0 2
136 140 7 0 3
136 69 7 0 4
136 141 7 0 5
136 55 7 0 5
136 111 7 0 6
80 138 7 0 1
80 140 7 0 2
80 69 7 0 3
80 141 7 0 4
80 55 7 0 4
80 111 7 0 5
138 140 7 0 2
138 69 7 0 2
138 141 7 0 3
138 55 7 0 3
138 111 7 0 4
140 69 7 0 1
140 141 7 0 2
140 55 7 0 2
140 111 7 0 3
69 141 7 0 1
69 55 7 0 2
69 111 7 0 2
141 55 7 0 1
141 111 7 0 2
55 111 7 0 1
111 112 7 1 1
111 114 7 1 2
111 116 7 1 2
111 122 7 1 3
111 35 7 1 4
111 123 7 1 5
111 39 7 1 6
111 101 7 1 7
111 100 7 1 8
111 149 7 1 10
111 150 7 1 12
111 70 7 1 13
111 48 7 1 14
111 23 7 1 21
111 91 7 1 21
111 22 7 1 22
111 118 7 1 23
111 21 7 1 24
111 20 7 1 25
112 114 7 1 2
112 116 7 1 2
112 122 7 1 3
112 35 7 1 4
112 123 7 1 5
112 39 7 1 6
112 101 7 1 6
112 100 7 1 8
112 149 7 1 10
112 150 7 1 12
112 70 7 1 13
112 48 7 1 14
112 23 7 1 20
112 91 7 1 21
112 22 7 1 22
112 118 7 1 23
112 21 7 1 24
112 20 7 1 24
114 116 7 1 1
114 122 7 1 2
114 35 7 1 3
114 123 7 1 4
114 39 7 1 5
114 101 7 1 5
114 100 7 1 7
114 149 7 1 9
114 150 7 1 11
114 70 7 1 12
114 48 7 1 13
114 23 7 1 19
114 91 7 1 20
114 22 7 1 21
114 118 7 1 22
114 21 7 1 23
114 20 7 1 23
116 122 7 1 1
116 35 7 1 2
116 123 7 1 3
116 39 7 1 4
116 101 7 1 5
116 100 7 1 6
116 149 7 1 8
116 150 7 1 11
116 70 7 1 12
116 48 7 1 12
116 23 7 1 19
116 91 7 1 20
116 22 7 1 20
116 118 7 1 21
116 21 7 1 22
116 20 7 1 23
122 35 7 1 1
122 123 7 1 3
122 39 7 1 3
122 101 7 1 4
122 100 7 1 6
122 149 7 1 8
122 150 7 1 10
122 70 7 1 11
122 48 7 1 12
122 23 7 1 18
122 91 7 1 19
122 22 7 1 20
122 118 7 1 21
122 21 7 1 22
122 20 7 1 22
35 123 7 1 2
35 39 7 1 2
35 101 7 1 3
35 100 7 1 5
35 149 7 1 7
35 150 7 1 9
35 70 7 1 10
35 48 7 1 11
35 23 7 1 17
35 91 7 1 18
35 22 7 1 19
35 118 7 1 20
35 21 7 1 21
35 20 7 1 21
123 39 7 1 1
123 101 7 1 2
123 100 7 1 4
123 149 7 1 6
123 150 7 1 8
123 70 7 1 9
123 48 7 1 10
123 23 7 1 16
123 91 7 1 17
123 22 7 1 18
123 118 7 1 19
123 21 7 1 20
123 20 7 1 20
39 101 7 1 1
39 100 7 1 3
39 149 7 1 5
39 150 7 1 7
39 70 7 1 8
39 48 7 1 9
39 23 7 1 15
39 91 7 1 16
39 22 7 1 17
39 118 7 1 18
39 21 7 1 19
39 20 7 1 19
101 100 7 1 2
101 149 7 1 4
101 150 7 1 6
101 70 7 1 7
101 48 7 1 8
101 23 7 1 14
101 91 7 1 15
101 22 7 1 16
101 118 7 1 17
101 21 7 1 18
101 20 7 1 18
100 149 7 1 2
100 150 7 1 5
100 70 7 1 6
100 48 7 1 6
100 23 7 1 13
100 91 7 1 14
100 22 7 1 14
100 118 7 1 15
100 21 7 1 16
100 20 7 1 17
149 150 7 1 3
149 70 7 1 4
149 48 7 1 4
149 23 7 1 11
149 91 7 1 12
149 22 7 1 12
149 118 7 1 14
149 21 7 1 14
149 20 7 1 15
150 70 7 1 2
150 48 7 1 2
150 23 7 1 9
150 91 7 1 10
150 22 7 1 10
150 118 7 1 11
150 21 7 1 12
150 20 7 1 13
70 48 7 1 1
70 23 7 1 8
70 91 7 1 9
70 22 7 1 9
70 118 7 1 10
70 21 7 1 11
70 20 7 1 12
48 23 7 1 7
48 91 7 1 8
48 22 7 1 9
48 118 7 1 10
48 21 7 1 10
48 20 7 1 11
23 91 7 1 1
23 22 7 1 2
23 118 7 1 3
23 21 7 1 4
23 20 7 1 4
91 22 7 1 1
91 118 7 1 2
91 21 7 1 3
91 20 7 1 4
22 118 7 1 2
22 21 7 1 2
22 20 7 1 3
118 21 7 1 1
118 20 7 1 2
21 20 7 1 1
